 1.7200 17.8700 13.5000 12.5000 162000.0000 162000.0000
 0.1600 9500.0000  0.6000 19.9000  0.4000  0.2300
13750.9871  0.9967  0.0167  0.0130 24.2000  0.0000
700.0000 10.0000 27000.0000 59400.0000  1.0000  0.0000
 0.0000  0.0000  0.0000  0.0000  0.0000  0.0000
 0.5000  6.7580  0.0000 -1.8327  0.0000  1.2167
 0.5100  6.7687  0.0000 -1.6543  0.0000  1.3000
 0.5200  6.7787  0.0000 -1.4980  0.0000  1.3667
 0.5300  6.7884  0.0000 -1.3588  0.0000  1.4167
 0.5400  6.7978  0.0000 -1.2331  0.0000  1.4667
 0.5500  6.8068  0.0000 -1.1186  0.0000  1.5167
 0.5600  6.8156  0.0000 -1.0133  0.0000  1.5500
 0.5700  6.8242  0.0000 -0.9159  0.0000  1.6000
 0.5800  6.8326  0.0000 -0.8253  0.0000  1.6333
 0.5900  6.8408  0.0000 -0.7405  0.0000  1.6500
 0.6000  6.8489  0.0000 -0.6610  0.0000  1.6833
 0.6100  6.8568  0.0000 -0.5862  0.0000  1.7167
 0.6200  6.8646  0.0000 -0.5154  0.0000  1.7333
 0.6300  6.8723  0.0000 -0.4484  0.0000  1.7500
 0.6400  6.8799  0.0000 -0.3847  0.0000  1.7833
 0.6500  6.8874  0.0000 -0.3241  0.0000  1.8000
 0.6600  6.8947  0.0000 -0.2663  0.0000  1.8167
 0.6700  6.9020  0.0000 -0.2111  0.0000  1.8333
 0.6800  6.9092  0.0000 -0.1583  0.0000  1.8500
 0.6900  6.9163  0.0000 -0.1076  0.0000  1.8667
 0.7000  6.9234  0.0000 -0.0589  0.0000  1.8833
 0.7100  6.9303  0.0000 -0.0122  0.0000  1.9000
 0.7200  6.9372  0.0000  0.0328  0.0000  1.9167
 0.7300  6.9441  0.0000  0.0762  0.0000  1.9333
 0.7400  6.9508  0.0000  0.1180  0.0000  1.9500
 0.7500  6.9575  0.0000  0.1583  0.0000  1.9500
 0.7600  6.9642  0.0000  0.1974  0.0000  1.9667
 0.7700  6.9708  0.0000  0.2351  0.0000  1.9833
 0.7800  6.9773  0.0000  0.2716  0.0000  2.0000
 0.7900  6.9838  0.0000  0.3070  0.0000  2.0000
 0.8000  6.9903  0.0000  0.3413  0.0000  2.0167
 0.8100  6.9966  0.0000  0.3746  0.0000  2.0167
 0.8200  7.0030  0.0000  0.4069  0.0000  2.0333
 0.8300  7.0093  0.0000  0.4383  0.0000  2.0500
 0.8400  7.0155  0.0000  0.4689  0.0000  2.0500
 0.8500  7.0218  0.0000  0.4986  0.0000  2.0667
 0.8600  7.0279  0.0000  0.5275  0.0000  2.0667
 0.8700  7.0341  0.0000  0.5556  0.0000  2.0833
 0.8800  7.0401  0.0000  0.5830  0.0000  2.0833
 0.8900  7.0462  0.0000  0.6097  0.0000  2.1000
 0.9000  7.0522  0.0000  0.6358  0.0000  2.1000
 0.9100  7.0582  0.0000  0.6612  0.0000  2.1167
 0.9200  7.0641  0.0000  0.6860  0.0000  2.1167
 0.9300  7.0700  0.0000  0.7103  0.0000  2.1333
 0.9400  7.0759  0.0000  0.7339  0.0000  2.1333
 0.9500  7.0817  0.0000  0.7571  0.0000  2.1500
 0.9600  7.0875  0.0000  0.7797  0.0000  2.1500
 0.9700  7.0933  0.0000  0.8018  0.0000  2.1500
 0.9800  7.0991  0.0000  0.8234  0.0000  2.1667
 0.9900  7.1048  0.0000  0.8446  0.0000  2.1667
 1.0000  7.1104  0.0000  0.8654  0.0000  2.1833
 1.0100  7.1161  0.0000  0.8857  0.0000  2.1833
 1.0200  7.1217  0.0000  0.9056  0.0000  2.1833
 1.0300  7.1273  0.0000  0.9251  0.0000  2.2000
 1.0400  7.1329  0.0000  0.9442  0.0000  2.2000
 1.0500  7.1384  0.0000  0.9629  0.0000  2.2000
 1.0600  7.1439  0.0000  0.9813  0.0000  2.2167
 1.0700  7.1494  0.0000  0.9993  0.0000  2.2167
 1.0800  7.1548  0.0000  1.0170  0.0000  2.2167
 1.0900  7.1603  0.0000  1.0344  0.0000  2.2333
 1.1000  7.1657  0.0000  1.0514  0.0000  2.2333
 1.1100  7.1710  0.0000  1.0682  0.0000  2.2333
 1.1200  7.1764  0.0000  1.0846  0.0000  2.2500
 1.1300  7.1817  0.0000  1.1008  0.0000  2.2500
 1.1400  7.1870  0.0000  1.1166  0.0000  2.2500
 1.1500  7.1923  0.0000  1.1323  0.0000  2.2667
 1.1600  7.1976  0.0000  1.1476  0.0000  2.2667
 1.1700  7.2028  0.0000  1.1627  0.0000  2.2667
 1.1800  7.2080  0.0000  1.1775  0.0000  2.2667
 1.1900  7.2132  0.0000  1.1921  0.0000  2.2833
 1.2000  7.2183  0.0000  1.2065  0.0000  2.2833
 1.2100  7.2235  0.0000  1.2207  0.0000  2.2833
 1.2200  7.2286  0.0000  1.2346  0.0000  2.3000
 1.2300  7.2337  0.0000  1.2483  0.0000  2.3000
 1.2400  7.2388  0.0000  1.2618  0.0000  2.3000
 1.2500  7.2438  0.0000  1.2751  0.0000  2.3000
 1.2600  7.2488  0.0000  1.2882  0.0000  2.3167
 1.2700  7.2538  0.0000  1.3011  0.0000  2.3167
 1.2800  7.2588  0.0000  1.3138  0.0000  2.3167
 1.2900  7.2638  0.0000  1.3263  0.0000  2.3167
 1.3000  7.2687  0.0000  1.3386  0.0000  2.3333
 1.3100  7.2737  0.0000  1.3508  0.0000  2.3333
 1.3200  7.2786  0.0000  1.3628  0.0000  2.3333
 1.3300  7.2835  0.0000  1.3746  0.0000  2.3333
 1.3400  7.2883  0.0000  1.3863  0.0000  2.3500
 1.3500  7.2932  0.0000  1.3978  0.0000  2.3500
 1.3600  7.2980  0.0000  1.4092  0.0000  2.3500
 1.3700  7.3028  0.0000  1.4204  0.0000  2.3500
 1.3800  7.3076  0.0000  1.4314  0.0000  2.3500
 1.3900  7.3124  0.0000  1.4424  0.0000  2.3667
 1.4000  7.3172  0.0000  1.4531  0.0000  2.3667
 1.4100  7.3219  0.0000  1.4638  0.0000  2.3667
 1.4200  7.3266  0.0000  1.4743  0.0000  2.3667
 1.4300  7.3313  0.0000  1.4846  0.0000  2.3833
 1.4400  7.3360  0.0000  1.4949  0.0000  2.3833
 1.4500  7.3407  0.0000  1.5050  0.0000  2.3833
 1.4600  7.3453  0.0000  1.5150  0.0000  2.3833
 1.4700  7.3499  0.0000  1.5248  0.0000  2.3833
 1.4800  7.3545  0.0000  1.5346  0.0000  2.4000
 1.4900  7.3591  0.0000  1.5442  0.0000  2.4000
 1.5000  7.3637  0.0000  1.5538  0.0000  2.4000
 1.5100  7.3683  0.0000  1.5632  0.0000  2.4000
 1.5200  7.3728  0.0000  1.5725  0.0000  2.4000
 1.5300  7.3774  0.0000  1.5817  0.0000  2.4000
 1.5400  7.3819  0.0000  1.5908  0.0000  2.4167
 1.5500  7.3864  0.0000  1.5997  0.0000  2.4167
 1.5600  7.3908  0.0000  1.6086  0.0000  2.4167
 1.5700  7.3953  0.0000  1.6174  0.0000  2.4167
 1.5800  7.3998  0.0000  1.6261  0.0000  2.4167
 1.5900  7.4042  0.0000  1.6347  0.0000  2.4333
 1.6000  7.4086  0.0000  1.6432  0.0000  2.4333
 1.6100  7.4130  0.0000  1.6517  0.0000  2.4333
 1.6200  7.4174  0.0000  1.6600  0.0000  2.4333
 1.6300  7.4218  0.0000  1.6682  0.0000  2.4333
 1.6400  7.4261  0.0000  1.6764  0.0000  2.4333
 1.6500  7.4305  0.0000  1.6844  0.0000  2.4500
 1.6600  7.4348  0.0000  1.6924  0.0000  2.4500
 1.6700  7.4391  0.0000  1.7003  0.0000  2.4500
 1.6800  7.4434  0.0000  1.7082  0.0000  2.4500
 1.6900  7.4477  0.0000  1.7159  0.0000  2.4500
 1.7000  7.4519  0.0000  1.7236  0.0000  2.4500
 1.7100  7.4562  0.0000  1.7312  0.0000  2.4667
 1.7200  7.4604  0.0000  1.7387  0.0000  2.4667
 1.7300  7.4646  0.0000  1.7462  0.0000  2.4667
 1.7400  7.4688  0.0000  1.7535  0.0000  2.4667
 1.7500  7.4730  0.0000  1.7609  0.0000  2.4667
 1.7600  7.4772  0.0000  1.7681  0.0000  2.4667
 1.7700  7.4814  0.0000  1.7753  0.0000  2.4833
 1.7800  7.4855  0.0000  1.7824  0.0000  2.4833
 1.7900  7.4897  0.0000  1.7894  0.0000  2.4833
 1.8000  7.4938  0.0000  1.7964  0.0000  2.4833
 1.8100  7.4979  0.0000  1.8033  0.0000  2.4833
 1.8200  7.5020  0.0000  1.8101  0.0000  2.4833
 1.8300  7.5061  0.0000  1.8169  0.0000  2.5000
 1.8400  7.5101  0.0000  1.8237  0.0000  2.5000
 1.8500  7.5142  0.0000  1.8303  0.0000  2.5000
 1.8600  7.5182  0.0000  1.8369  0.0000  2.5000
 1.8700  7.5223  0.0000  1.8435  0.0000  2.5000
 1.8800  7.5263  0.0000  1.8500  0.0000  2.5000
 1.8900  7.5303  0.0000  1.8564  0.0000  2.5000
 1.9000  7.5343  0.0000  1.8628  0.0000  2.5167
 1.9100  7.5382  0.0000  1.8691  0.0000  2.5167
 1.9200  7.5422  0.0000  1.8754  0.0000  2.5167
 1.9300  7.5462  0.0000  1.8816  0.0000  2.5167
 1.9400  7.5501  0.0000  1.8878  0.0000  2.5167
 1.9500  7.5540  0.0000  1.8939  0.0000  2.5167
 1.9600  7.5579  0.0000  1.9000  0.0000  2.5167
 1.9700  7.5618  0.0000  1.9060  0.0000  2.5333
 1.9800  7.5657  0.0000  1.9120  0.0000  2.5333
 1.9900  7.5696  0.0000  1.9179  0.0000  2.5333
 2.0000  7.5735  0.0000  1.9238  0.0000  2.5333
 2.0100  7.5773  0.0000  1.9296  0.0000  2.5333
 2.0200  7.5812  0.0000  1.9354  0.0000  2.5333
 2.0300  7.5850  0.0000  1.9411  0.0000  2.5333
 2.0400  7.5888  0.0000  1.9468  0.0000  2.5333
 2.0500  7.5926  0.0000  1.9525  0.0000  2.5500
 2.0600  7.5964  0.0000  1.9581  0.0000  2.5500
 2.0700  7.6002  0.0000  1.9637  0.0000  2.5500
 2.0800  7.6039  0.0000  1.9692  0.0000  2.5500
 2.0900  7.6077  0.0000  1.9747  0.0000  2.5500
 2.1000  7.6114  0.0000  1.9801  0.0000  2.5500
 2.1100  7.6152  0.0000  1.9855  0.0000  2.5500
 2.1200  7.6189  0.0000  1.9909  0.0000  2.5500
 2.1300  7.6226  0.0000  1.9962  0.0000  2.5667
 2.1400  7.6263  0.0000  2.0015  0.0000  2.5667
 2.1500  7.6300  0.0000  2.0067  0.0000  2.5667
 2.1600  7.6337  0.0000  2.0119  0.0000  2.5667
 2.1700  7.6373  0.0000  2.0171  0.0000  2.5667
 2.1800  7.6410  0.0000  2.0223  0.0000  2.5667
 2.1900  7.6446  0.0000  2.0274  0.0000  2.5667
 2.2000  7.6483  0.0000  2.0324  0.0000  2.5667
 2.2100  7.6519  0.0000  2.0374  0.0000  2.5833
 2.2200  7.6555  0.0000  2.0424  0.0000  2.5833
 2.2300  7.6591  0.0000  2.0474  0.0000  2.5833
 2.2400  7.6627  0.0000  2.0523  0.0000  2.5833
 2.2500  7.6663  0.0000  2.0572  0.0000  2.5833
 2.2600  7.6698  0.0000  2.0621  0.0000  2.5833
 2.2700  7.6734  0.0000  2.0669  0.0000  2.5833
 2.2800  7.6769  0.0000  2.0717  0.0000  2.5833
 2.2900  7.6805  0.0000  2.0764  0.0000  2.6000
 2.3000  7.6840  0.0000  2.0812  0.0000  2.6000
 2.3100  7.6875  0.0000  2.0859  0.0000  2.6000
 2.3200  7.6910  0.0000  2.0905  0.0000  2.6000
 2.3300  7.6945  0.0000  2.0952  0.0000  2.6000
 2.3400  7.6980  0.0000  2.0998  0.0000  2.6000
 2.3500  7.7014  0.0000  2.1044  0.0000  2.6000
 2.3600  7.7049  0.0000  2.1089  0.0000  2.6000
 2.3700  7.7084  0.0000  2.1134  0.0000  2.6000
 2.3800  7.7118  0.0000  2.1179  0.0000  2.6167
 2.3900  7.7152  0.0000  2.1224  0.0000  2.6167
 2.4000  7.7187  0.0000  2.1268  0.0000  2.6167
 2.4100  7.7221  0.0000  2.1312  0.0000  2.6167
 2.4200  7.7255  0.0000  2.1356  0.0000  2.6167
 2.4300  7.7289  0.0000  2.1400  0.0000  2.6167
 2.4400  7.7323  0.0000  2.1443  0.0000  2.6167
 2.4500  7.7356  0.0000  2.1486  0.0000  2.6167
 2.4600  7.7390  0.0000  2.1529  0.0000  2.6167
 2.4700  7.7423  0.0000  2.1571  0.0000  2.6333
 2.4800  7.7457  0.0000  2.1614  0.0000  2.6333
 2.4900  7.7490  0.0000  2.1656  0.0000  2.6333
 2.5000  7.7523  0.0000  2.1697  0.0000  2.6333
 2.5100  7.7557  0.0000  2.1739  0.0000  2.6333
 2.5200  7.7590  0.0000  2.1780  0.0000  2.6333
 2.5300  7.7623  0.0000  2.1821  0.0000  2.6333
 2.5400  7.7656  0.0000  2.1862  0.0000  2.6333
 2.5500  7.7688  0.0000  2.1902  0.0000  2.6333
 2.5600  7.7721  0.0000  2.1943  0.0000  2.6500
 2.5700  7.7754  0.0000  2.1983  0.0000  2.6500
 2.5800  7.7786  0.0000  2.2023  0.0000  2.6500
 2.5900  7.7819  0.0000  2.2062  0.0000  2.6500
 2.6000  7.7851  0.0000  2.2102  0.0000  2.6500
 2.6100  7.7883  0.0000  2.2141  0.0000  2.6500
 2.6200  7.7915  0.0000  2.2180  0.0000  2.6500
 2.6300  7.7947  0.0000  2.2219  0.0000  2.6500
 2.6400  7.7979  0.0000  2.2257  0.0000  2.6500
 2.6500  7.8011  0.0000  2.2296  0.0000  2.6500
 2.6600  7.8043  0.0000  2.2334  0.0000  2.6667
 2.6700  7.8075  0.0000  2.2372  0.0000  2.6667
 2.6800  7.8106  0.0000  2.2409  0.0000  2.6667
 2.6900  7.8138  0.0000  2.2447  0.0000  2.6667
 2.7000  7.8169  0.0000  2.2484  0.0000  2.6667
 2.7100  7.8200  0.0000  2.2521  0.0000  2.6667
 2.7200  7.8232  0.0000  2.2558  0.0000  2.6667
 2.7300  7.8263  0.0000  2.2595  0.0000  2.6667
 2.7400  7.8294  0.0000  2.2631  0.0000  2.6667
 2.7500  7.8325  0.0000  2.2668  0.0000  2.6667
 2.7600  7.8356  0.0000  2.2704  0.0000  2.6667
 2.7700  7.8387  0.0000  2.2740  0.0000  2.6833
 2.7800  7.8418  0.0000  2.2776  0.0000  2.6833
 2.7900  7.8448  0.0000  2.2811  0.0000  2.6833
 2.8000  7.8479  0.0000  2.2847  0.0000  2.6833
 2.8100  7.8509  0.0000  2.2882  0.0000  2.6833
 2.8200  7.8540  0.0000  2.2917  0.0000  2.6833
 2.8300  7.8570  0.0000  2.2952  0.0000  2.6833
 2.8400  7.8600  0.0000  2.2987  0.0000  2.6833
 2.8500  7.8630  0.0000  2.3021  0.0000  2.6833
 2.8600  7.8661  0.0000  2.3055  0.0000  2.6833
 2.8700  7.8691  0.0000  2.3090  0.0000  2.7000
 2.8800  7.8720  0.0000  2.3124  0.0000  2.7000
 2.8900  7.8750  0.0000  2.3158  0.0000  2.7000
 2.9000  7.8780  0.0000  2.3191  0.0000  2.7000
 2.9100  7.8810  0.0000  2.3225  0.0000  2.7000
 2.9200  7.8839  0.0000  2.3258  0.0000  2.7000
 2.9300  7.8869  0.0000  2.3291  0.0000  2.7000
 2.9400  7.8898  0.0000  2.3324  0.0000  2.7000
 2.9500  7.8928  0.0000  2.3357  0.0000  2.7000
 2.9600  7.8957  0.0000  2.3390  0.0000  2.7000
 2.9700  7.8986  0.0000  2.3423  0.0000  2.7000
 2.9800  7.9015  0.0000  2.3455  0.0000  2.7167
 2.9900  7.9045  0.0000  2.3487  0.0000  2.7167
 3.0000  7.9074  0.0000  2.3520  0.0000  2.7167
 3.0100  7.9102  0.0000  2.3552  0.0000  2.7167
 3.0200  7.9131  0.0000  2.3583  0.0000  2.7167
 3.0300  7.9160  0.0000  2.3615  0.0000  2.7167
 3.0400  7.9189  0.0000  2.3647  0.0000  2.7167
 3.0500  7.9217  0.0000  2.3678  0.0000  2.7167
 3.0600  7.9246  0.0000  2.3709  0.0000  2.7167
 3.0700  7.9274  0.0000  2.3740  0.0000  2.7167
 3.0800  7.9303  0.0000  2.3771  0.0000  2.7167
 3.0900  7.9331  0.0000  2.3802  0.0000  2.7167
 3.1000  7.9359  0.0000  2.3833  0.0000  2.7333
 3.1100  7.9387  0.0000  2.3864  0.0000  2.7333
 3.1200  7.9416  0.0000  2.3894  0.0000  2.7333
 3.1300  7.9444  0.0000  2.3924  0.0000  2.7333
 3.1400  7.9472  0.0000  2.3954  0.0000  2.7333
 3.1500  7.9499  0.0000  2.3985  0.0000  2.7333
 3.1600  7.9527  0.0000  2.4014  0.0000  2.7333
 3.1700  7.9555  0.0000  2.4044  0.0000  2.7333
 3.1800  7.9583  0.0000  2.4074  0.0000  2.7333
 3.1900  7.9610  0.0000  2.4103  0.0000  2.7333
 3.2000  7.9638  0.0000  2.4133  0.0000  2.7333
 3.2100  7.9665  0.0000  2.4162  0.0000  2.7500
 3.2200  7.9693  0.0000  2.4191  0.0000  2.7500
 3.2300  7.9720  0.0000  2.4220  0.0000  2.7500
 3.2400  7.9747  0.0000  2.4249  0.0000  2.7500
 3.2500  7.9774  0.0000  2.4278  0.0000  2.7500
 3.2600  7.9801  0.0000  2.4307  0.0000  2.7500
 3.2700  7.9828  0.0000  2.4335  0.0000  2.7500
 3.2800  7.9855  0.0000  2.4363  0.0000  2.7500
 3.2900  7.9882  0.0000  2.4392  0.0000  2.7500
 3.3000  7.9909  0.0000  2.4420  0.0000  2.7500
 3.3100  7.9936  0.0000  2.4448  0.0000  2.7500
 3.3200  7.9963  0.0000  2.4476  0.0000  2.7500
 3.3300  7.9989  0.0000  2.4504  0.0000  2.7500
 3.3400  8.0016  0.0000  2.4532  0.0000  2.7667
 3.3500  8.0042  0.0000  2.4559  0.0000  2.7667
 3.3600  8.0069  0.0000  2.4587  0.0000  2.7667
 3.3700  8.0095  0.0000  2.4614  0.0000  2.7667
 3.3800  8.0122  0.0000  2.4641  0.0000  2.7667
 3.3900  8.0148  0.0000  2.4669  0.0000  2.7667
 3.4000  8.0174  0.0000  2.4696  0.0000  2.7667
 3.4100  8.0200  0.0000  2.4723  0.0000  2.7667
 3.4200  8.0226  0.0000  2.4749  0.0000  2.7667
 3.4300  8.0252  0.0000  2.4776  0.0000  2.7667
 3.4400  8.0278  0.0000  2.4803  0.0000  2.7667
 3.4500  8.0304  0.0000  2.4829  0.0000  2.7667
 3.4600  8.0330  0.0000  2.4856  0.0000  2.7833
 3.4700  8.0355  0.0000  2.4882  0.0000  2.7833
 3.4800  8.0381  0.0000  2.4908  0.0000  2.7833
 3.4900  8.0407  0.0000  2.4935  0.0000  2.7833
 3.5000  8.0432  0.0000  2.4961  0.0000  2.7833
 3.5100  8.0458  0.0000  2.4987  0.0000  2.7833
 3.5200  8.0483  0.0000  2.5012  0.0000  2.7833
 3.5300  8.0508  0.0000  2.5038  0.0000  2.7833
 3.5400  8.0534  0.0000  2.5064  0.0000  2.7833
 3.5500  8.0559  0.0000  2.5089  0.0000  2.7833
 3.5600  8.0584  0.0000  2.5115  0.0000  2.7833
 3.5700  8.0609  0.0000  2.5140  0.0000  2.7833
 3.5800  8.0634  0.0000  2.5165  0.0000  2.7833
 3.5900  8.0659  0.0000  2.5191  0.0000  2.8000
 3.6000  8.0684  0.0000  2.5216  0.0000  2.8000
 3.6100  8.0709  0.0000  2.5241  0.0000  2.8000
 3.6200  8.0734  0.0000  2.5266  0.0000  2.8000
 3.6300  8.0759  0.0000  2.5290  0.0000  2.8000
 3.6400  8.0783  0.0000  2.5315  0.0000  2.8000
 3.6500  8.0808  0.0000  2.5340  0.0000  2.8000
 3.6600  8.0832  0.0000  2.5364  0.0000  2.8000
 3.6700  8.0857  0.0000  2.5389  0.0000  2.8000
 3.6800  8.0881  0.0000  2.5413  0.0000  2.8000
 3.6900  8.0906  0.0000  2.5437  0.0000  2.8000
 3.7000  8.0930  0.0000  2.5462  0.0000  2.8000
 3.7100  8.0954  0.0000  2.5486  0.0000  2.8000
 3.7200  8.0979  0.0000  2.5510  0.0000  2.8000
 3.7300  8.1003  0.0000  2.5534  0.0000  2.8167
 3.7400  8.1027  0.0000  2.5558  0.0000  2.8167
 3.7500  8.1051  0.0000  2.5581  0.0000  2.8167
 3.7600  8.1075  0.0000  2.5605  0.0000  2.8167
 3.7700  8.1099  0.0000  2.5629  0.0000  2.8167
 3.7800  8.1123  0.0000  2.5652  0.0000  2.8167
 3.7900  8.1146  0.0000  2.5676  0.0000  2.8167
 3.8000  8.1170  0.0000  2.5699  0.0000  2.8167
 3.8100  8.1194  0.0000  2.5722  0.0000  2.8167
 3.8200  8.1218  0.0000  2.5745  0.0000  2.8167
 3.8300  8.1241  0.0000  2.5768  0.0000  2.8167
 3.8400  8.1265  0.0000  2.5792  0.0000  2.8167
 3.8500  8.1288  0.0000  2.5814  0.0000  2.8167
 3.8600  8.1312  0.0000  2.5837  0.0000  2.8167
 3.8700  8.1335  0.0000  2.5860  0.0000  2.8333
 3.8800  8.1358  0.0000  2.5883  0.0000  2.8333
 3.8900  8.1382  0.0000  2.5906  0.0000  2.8333
 3.9000  8.1405  0.0000  2.5928  0.0000  2.8333
 3.9100  8.1428  0.0000  2.5951  0.0000  2.8333
 3.9200  8.1451  0.0000  2.5973  0.0000  2.8333
 3.9300  8.1474  0.0000  2.5995  0.0000  2.8333
 3.9400  8.1497  0.0000  2.6018  0.0000  2.8333
 3.9500  8.1520  0.0000  2.6040  0.0000  2.8333
 3.9600  8.1543  0.0000  2.6062  0.0000  2.8333
 3.9700  8.1566  0.0000  2.6084  0.0000  2.8333
 3.9800  8.1589  0.0000  2.6106  0.0000  2.8333
 3.9900  8.1611  0.0000  2.6128  0.0000  2.8333
 4.0000  8.1634  0.0000  2.6150  0.0000  2.8333
 4.0100  8.1657  0.0000  2.6172  0.0000  2.8333
 4.0200  8.1679  0.0000  2.6193  0.0000  2.8500
 4.0300  8.1702  0.0000  2.6215  0.0000  2.8500
 4.0400  8.1724  0.0000  2.6237  0.0000  2.8500
 4.0500  8.1747  0.0000  2.6258  0.0000  2.8500
 4.0600  8.1769  0.0000  2.6280  0.0000  2.8500
 4.0700  8.1791  0.0000  2.6301  0.0000  2.8500
 4.0800  8.1814  0.0000  2.6322  0.0000  2.8500
 4.0900  8.1836  0.0000  2.6343  0.0000  2.8500
 4.1000  8.1858  0.0000  2.6365  0.0000  2.8500
 4.1100  8.1880  0.0000  2.6386  0.0000  2.8500
 4.1200  8.1902  0.0000  2.6407  0.0000  2.8500
 4.1300  8.1924  0.0000  2.6428  0.0000  2.8500
 4.1400  8.1946  0.0000  2.6449  0.0000  2.8500
 4.1500  8.1968  0.0000  2.6469  0.0000  2.8500
 4.1600  8.1990  0.0000  2.6490  0.0000  2.8500
 4.1700  8.2012  0.0000  2.6511  0.0000  2.8667
 4.1800  8.2034  0.0000  2.6532  0.0000  2.8667
 4.1900  8.2055  0.0000  2.6552  0.0000  2.8667
 4.2000  8.2077  0.0000  2.6573  0.0000  2.8667
 4.2100  8.2099  0.0000  2.6593  0.0000  2.8667
 4.2200  8.2120  0.0000  2.6613  0.0000  2.8667
 4.2300  8.2142  0.0000  2.6634  0.0000  2.8667
 4.2400  8.2163  0.0000  2.6654  0.0000  2.8667
 4.2500  8.2185  0.0000  2.6674  0.0000  2.8667
 4.2600  8.2206  0.0000  2.6694  0.0000  2.8667
 4.2700  8.2227  0.0000  2.6715  0.0000  2.8667
 4.2800  8.2249  0.0000  2.6735  0.0000  2.8667
 4.2900  8.2270  0.0000  2.6755  0.0000  2.8667
 4.3000  8.2291  0.0000  2.6774  0.0000  2.8667
 4.3100  8.2312  0.0000  2.6794  0.0000  2.8667
 4.3200  8.2333  0.0000  2.6814  0.0000  2.8833
 4.3300  8.2354  0.0000  2.6834  0.0000  2.8833
 4.3400  8.2376  0.0000  2.6853  0.0000  2.8833
 4.3500  8.2396  0.0000  2.6873  0.0000  2.8833
 4.3600  8.2417  0.0000  2.6893  0.0000  2.8833
 4.3700  8.2438  0.0000  2.6912  0.0000  2.8833
 4.3800  8.2459  0.0000  2.6932  0.0000  2.8833
 4.3900  8.2480  0.0000  2.6951  0.0000  2.8833
 4.4000  8.2501  0.0000  2.6970  0.0000  2.8833
 4.4100  8.2521  0.0000  2.6990  0.0000  2.8833
 4.4200  8.2542  0.0000  2.7009  0.0000  2.8833
 4.4300  8.2563  0.0000  2.7028  0.0000  2.8833
 4.4400  8.2583  0.0000  2.7047  0.0000  2.8833
 4.4500  8.2604  0.0000  2.7066  0.0000  2.8833
 4.4600  8.2624  0.0000  2.7085  0.0000  2.8833
 4.4700  8.2645  0.0000  2.7104  0.0000  2.8833
 4.4800  8.2665  0.0000  2.7123  0.0000  2.9000
 4.4900  8.2685  0.0000  2.7142  0.0000  2.9000
 4.5000  8.2706  0.0000  2.7161  0.0000  2.9000
 4.5100  8.2726  0.0000  2.7179  0.0000  2.9000
 4.5200  8.2746  0.0000  2.7198  0.0000  2.9000
 4.5300  8.2766  0.0000  2.7217  0.0000  2.9000
 4.5400  8.2786  0.0000  2.7235  0.0000  2.9000
 4.5500  8.2806  0.0000  2.7254  0.0000  2.9000
 4.5600  8.2826  0.0000  2.7272  0.0000  2.9000
 4.5700  8.2846  0.0000  2.7291  0.0000  2.9000
 4.5800  8.2866  0.0000  2.7309  0.0000  2.9000
 4.5900  8.2886  0.0000  2.7327  0.0000  2.9000
 4.6000  8.2906  0.0000  2.7346  0.0000  2.9000
 4.6100  8.2926  0.0000  2.7364  0.0000  2.9000
 4.6200  8.2946  0.0000  2.7382  0.0000  2.9000
 4.6300  8.2966  0.0000  2.7400  0.0000  2.9000
 4.6400  8.2985  0.0000  2.7418  0.0000  2.9000
 4.6500  8.3005  0.0000  2.7436  0.0000  2.9167
 4.6600  8.3024  0.0000  2.7454  0.0000  2.9167
 4.6700  8.3044  0.0000  2.7472  0.0000  2.9167
 4.6800  8.3064  0.0000  2.7490  0.0000  2.9167
 4.6900  8.3083  0.0000  2.7508  0.0000  2.9167
 4.7000  8.3103  0.0000  2.7526  0.0000  2.9167
 4.7100  8.3122  0.0000  2.7544  0.0000  2.9167
 4.7200  8.3141  0.0000  2.7561  0.0000  2.9167
 4.7300  8.3161  0.0000  2.7579  0.0000  2.9167
 4.7400  8.3180  0.0000  2.7596  0.0000  2.9167
 4.7500  8.3199  0.0000  2.7614  0.0000  2.9167
 4.7600  8.3218  0.0000  2.7632  0.0000  2.9167
 4.7700  8.3238  0.0000  2.7649  0.0000  2.9167
 4.7800  8.3257  0.0000  2.7666  0.0000  2.9167
 4.7900  8.3276  0.0000  2.7684  0.0000  2.9167
 4.8000  8.3295  0.0000  2.7701  0.0000  2.9167
 4.8100  8.3314  0.0000  2.7718  0.0000  2.9167
 4.8200  8.3333  0.0000  2.7736  0.0000  2.9333
 4.8300  8.3352  0.0000  2.7753  0.0000  2.9333
 4.8400  8.3371  0.0000  2.7770  0.0000  2.9333
 4.8500  8.3389  0.0000  2.7787  0.0000  2.9333
 4.8600  8.3408  0.0000  2.7804  0.0000  2.9333
 4.8700  8.3427  0.0000  2.7821  0.0000  2.9333
 4.8800  8.3446  0.0000  2.7838  0.0000  2.9333
 4.8900  8.3464  0.0000  2.7855  0.0000  2.9333
 4.9000  8.3483  0.0000  2.7872  0.0000  2.9333
 4.9100  8.3502  0.0000  2.7889  0.0000  2.9333
 4.9200  8.3520  0.0000  2.7906  0.0000  2.9333
 4.9300  8.3539  0.0000  2.7922  0.0000  2.9333
 4.9400  8.3557  0.0000  2.7939  0.0000  2.9333
 4.9500  8.3576  0.0000  2.7956  0.0000  2.9333
 4.9600  8.3594  0.0000  2.7972  0.0000  2.9333
 4.9700  8.3613  0.0000  2.7989  0.0000  2.9333
 4.9800  8.3631  0.0000  2.8005  0.0000  2.9333
 4.9900  8.3649  0.0000  2.8022  0.0000  2.9500
 5.0000  8.3667  0.0000  2.8038  0.0000  2.9500
 5.0100  8.3686  0.0000  2.8055  0.0000  2.9500
 5.0200  8.3704  0.0000  2.8071  0.0000  2.9500
 5.0300  8.3722  0.0000  2.8088  0.0000  2.9500
 5.0400  8.3740  0.0000  2.8104  0.0000  2.9500
 5.0500  8.3758  0.0000  2.8120  0.0000  2.9500
 5.0600  8.3776  0.0000  2.8136  0.0000  2.9500
 5.0700  8.3794  0.0000  2.8152  0.0000  2.9500
 5.0800  8.3812  0.0000  2.8169  0.0000  2.9500
 5.0900  8.3830  0.0000  2.8185  0.0000  2.9500
 5.1000  8.3848  0.0000  2.8201  0.0000  2.9500
 5.1100  8.3866  0.0000  2.8217  0.0000  2.9500
 5.1200  8.3884  0.0000  2.8233  0.0000  2.9500
 5.1300  8.3902  0.0000  2.8249  0.0000  2.9500
 5.1400  8.3919  0.0000  2.8265  0.0000  2.9500
 5.1500  8.3937  0.0000  2.8280  0.0000  2.9500
 5.1600  8.3955  0.0000  2.8296  0.0000  2.9500
 5.1700  8.3973  0.0000  2.8312  0.0000  2.9500
 5.1800  8.3990  0.0000  2.8328  0.0000  2.9667
 5.1900  8.4008  0.0000  2.8344  0.0000  2.9667
 5.2000  8.4025  0.0000  2.8359  0.0000  2.9667
 5.2100  8.4043  0.0000  2.8375  0.0000  2.9667
 5.2200  8.4060  0.0000  2.8390  0.0000  2.9667
 5.2300  8.4078  0.0000  2.8406  0.0000  2.9667
 5.2400  8.4095  0.0000  2.8422  0.0000  2.9667
 5.2500  8.4113  0.0000  2.8437  0.0000  2.9667
 5.2600  8.4130  0.0000  2.8453  0.0000  2.9667
 5.2700  8.4147  0.0000  2.8468  0.0000  2.9667
 5.2800  8.4165  0.0000  2.8483  0.0000  2.9667
 5.2900  8.4182  0.0000  2.8499  0.0000  2.9667
 5.3000  8.4199  0.0000  2.8514  0.0000  2.9667
 5.3100  8.4216  0.0000  2.8529  0.0000  2.9667
 5.3200  8.4233  0.0000  2.8545  0.0000  2.9667
 5.3300  8.4250  0.0000  2.8560  0.0000  2.9667
 5.3400  8.4267  0.0000  2.8575  0.0000  2.9667
 5.3500  8.4284  0.0000  2.8590  0.0000  2.9667
 5.3600  8.4302  0.0000  2.8605  0.0000  2.9667
 5.3700  8.4318  0.0000  2.8620  0.0000  2.9833
 5.3800  8.4335  0.0000  2.8635  0.0000  2.9833
 5.3900  8.4352  0.0000  2.8650  0.0000  2.9833
 5.4000  8.4369  0.0000  2.8665  0.0000  2.9833
 5.4100  8.4386  0.0000  2.8680  0.0000  2.9833
 5.4200  8.4403  0.0000  2.8695  0.0000  2.9833
 5.4300  8.4420  0.0000  2.8710  0.0000  2.9833
 5.4400  8.4436  0.0000  2.8725  0.0000  2.9833
 5.4500  8.4453  0.0000  2.8739  0.0000  2.9833
 5.4600  8.4470  0.0000  2.8754  0.0000  2.9833
 5.4700  8.4486  0.0000  2.8769  0.0000  2.9833
 5.4800  8.4503  0.0000  2.8784  0.0000  2.9833
 5.4900  8.4520  0.0000  2.8798  0.0000  2.9833
 5.5000  8.4536  0.0000  2.8813  0.0000  2.9833
 5.5100  8.4553  0.0000  2.8827  0.0000  2.9833
 5.5200  8.4569  0.0000  2.8842  0.0000  2.9833
 5.5300  8.4586  0.0000  2.8857  0.0000  2.9833
 5.5400  8.4602  0.0000  2.8871  0.0000  2.9833
 5.5500  8.4618  0.0000  2.8886  0.0000  2.9833
 5.5600  8.4635  0.0000  2.8900  0.0000  3.0000
 5.5700  8.4651  0.0000  2.8914  0.0000  3.0000
 5.5800  8.4667  0.0000  2.8929  0.0000  3.0000
 5.5900  8.4684  0.0000  2.8943  0.0000  3.0000
 5.6000  8.4700  0.0000  2.8957  0.0000  3.0000
 5.6100  8.4716  0.0000  2.8972  0.0000  3.0000
 5.6200  8.4732  0.0000  2.8986  0.0000  3.0000
 5.6300  8.4748  0.0000  2.9000  0.0000  3.0000
 5.6400  8.4765  0.0000  2.9014  0.0000  3.0000
 5.6500  8.4781  0.0000  2.9028  0.0000  3.0000
 5.6600  8.4797  0.0000  2.9042  0.0000  3.0000
 5.6700  8.4813  0.0000  2.9057  0.0000  3.0000
 5.6800  8.4829  0.0000  2.9071  0.0000  3.0000
 5.6900  8.4845  0.0000  2.9085  0.0000  3.0000
 5.7000  8.4861  0.0000  2.9099  0.0000  3.0000
 5.7100  8.4876  0.0000  2.9113  0.0000  3.0000
 5.7200  8.4892  0.0000  2.9127  0.0000  3.0000
 5.7300  8.4908  0.0000  2.9140  0.0000  3.0000
 5.7400  8.4924  0.0000  2.9154  0.0000  3.0000
 5.7500  8.4940  0.0000  2.9168  0.0000  3.0000
 5.7600  8.4955  0.0000  2.9182  0.0000  3.0167
 5.7700  8.4971  0.0000  2.9196  0.0000  3.0167
 5.7800  8.4987  0.0000  2.9209  0.0000  3.0167
 5.7900  8.5003  0.0000  2.9223  0.0000  3.0167
 5.8000  8.5018  0.0000  2.9237  0.0000  3.0167
 5.8100  8.5034  0.0000  2.9251  0.0000  3.0167
 5.8200  8.5049  0.0000  2.9264  0.0000  3.0167
 5.8300  8.5065  0.0000  2.9278  0.0000  3.0167
 5.8400  8.5080  0.0000  2.9291  0.0000  3.0167
 5.8500  8.5096  0.0000  2.9305  0.0000  3.0167
 5.8600  8.5111  0.0000  2.9318  0.0000  3.0167
 5.8700  8.5127  0.0000  2.9332  0.0000  3.0167
 5.8800  8.5142  0.0000  2.9345  0.0000  3.0167
 5.8900  8.5158  0.0000  2.9359  0.0000  3.0167
 5.9000  8.5173  0.0000  2.9372  0.0000  3.0167
 5.9100  8.5188  0.0000  2.9386  0.0000  3.0167
 5.9200  8.5204  0.0000  2.9399  0.0000  3.0167
 5.9300  8.5219  0.0000  2.9412  0.0000  3.0167
 5.9400  8.5234  0.0000  2.9426  0.0000  3.0167
 5.9500  8.5249  0.0000  2.9439  0.0000  3.0167
 5.9600  8.5264  0.0000  2.9452  0.0000  3.0167
 5.9700  8.5280  0.0000  2.9465  0.0000  3.0333
 5.9800  8.5295  0.0000  2.9479  0.0000  3.0333
 5.9900  8.5310  0.0000  2.9492  0.0000  3.0333
 6.0000  8.5325  0.0000  2.9505  0.0000  3.0333
