32 12.0000  1.7200 23.7000  4.4866 -1.7707 -4.1224
32 12.0000  1.7200 23.7500  4.2916 -1.6330 -3.9688
32 12.0000  1.7200 23.8000  4.2940 -1.2972 -4.0934
32 12.0000  1.7200 23.8500  4.3337 -0.9734 -4.2230
32 12.0000  1.7200 23.9000  4.2117 -0.7783 -4.1392
32 12.0000  1.7200 23.9500  4.1117 -0.5588 -4.0736
32 12.0000  1.7200 24.0000  4.0354 -0.3222 -4.0225
32 12.0000  1.7200 24.0500  3.9219 -0.1349 -3.9195
32 12.0000  1.7200 24.1000  3.8889  0.1236 -3.8869
32 12.0000  1.7200 24.1500  3.8823  0.3953 -3.8621
32 12.0000  1.7200 24.2000  3.9082  0.6822 -3.8482
32 12.0000  1.7200 24.2500  3.9627  0.9780 -3.8401
32 12.0000  1.7200 24.3000  4.3665  1.4637 -4.1138
32 12.0000  1.7200 24.3500  4.4741  1.7488 -4.1182
32 12.0000  1.7200 24.4000  4.6147  2.0440 -4.1374
32 12.0000  1.7200 24.4500  4.7949  2.3498 -4.1797
32 12.0000  1.7200 24.5000  4.7050  2.5620 -3.9463
32 12.5000  1.7200 23.7000  4.0844 -2.1457 -3.4754
32 12.5000  1.7200 23.7500  3.9013 -1.9314 -3.3897
32 12.5000  1.7200 23.8000  3.7341 -1.6964 -3.3265
32 12.5000  1.7200 23.8500  3.5817 -1.4655 -3.2681
32 12.5000  1.7200 23.9000  3.4449 -1.2289 -3.2182
32 12.5000  1.7200 23.9500  3.3251 -0.9847 -3.1759
32 12.5000  1.7200 24.0000  3.5312 -0.5188 -3.4929
32 12.5000  1.7200 24.0500  3.4755 -0.2621 -3.4656
32 12.5000  1.7200 24.1000  3.4446  0.0051 -3.4446
32 12.5000  1.7200 24.1500  3.4409  0.2826 -3.4292
32 12.5000  1.7200 24.2000  3.7768  0.7165 -3.7082
32 12.5000  1.7200 24.2500  4.0516  1.0808 -3.9048
32 12.5000  1.7200 24.3000  4.1400  1.3972 -3.8971
32 12.5000  1.7200 24.3500  4.2528  1.6874 -3.9037
32 12.5000  1.7200 24.4000  4.3909  1.9862 -3.9160
32 12.5000  1.7200 24.4500  4.7626  2.3855 -4.1221
32 12.5000  1.7200 24.5000  5.1158  2.7540 -4.3113
32 13.0000  1.7200 23.7000  4.2062 -2.1039 -3.6422
32 13.0000  1.7200 23.7500  4.0465 -1.8760 -3.5854
32 13.0000  1.7200 23.8000  3.8991 -1.6376 -3.5386
32 13.0000  1.7200 23.8500  3.9129 -1.2956 -3.6922
32 13.0000  1.7200 23.9000  3.8033 -1.0576 -3.6533
32 13.0000  1.7200 23.9500  3.7112 -0.8102 -3.6217
32 13.0000  1.7200 24.0000  3.6368 -0.5554 -3.5942
32 13.0000  1.7200 24.0500  3.5842 -0.2927 -3.5722
32 13.0000  1.7200 24.1000  3.5553 -0.0202 -3.5552
32 13.0000  1.7200 24.1500  3.5510  0.2605 -3.5415
32 13.0000  1.7200 24.2000  3.7707  0.6443 -3.7152
32 13.0000  1.7200 24.2500  3.8164  0.9275 -3.7020
32 13.0000  1.7200 24.3000  3.8919  1.2225 -3.6949
32 13.0000  1.7200 24.3500  3.9941  1.5149 -3.6956
32 13.0000  1.7200 24.4000  4.1218  1.8138 -3.7013
32 13.0000  1.7200 24.4500  4.2699  2.1100 -3.7122
32 13.0000  1.7200 24.5000  4.4366  2.3977 -3.7328
32 13.5000  1.7200 23.7000  3.9439 -2.3395 -3.1751
32 13.5000  1.7200 23.7500  3.7618 -2.0900 -3.1278
32 13.5000  1.7200 23.8000  3.7254 -1.7076 -3.3109
32 13.5000  1.7200 23.8500  3.5860 -1.4698 -3.2709
32 13.5000  1.7200 23.9000  3.4609 -1.2267 -3.2362
32 13.5000  1.7200 23.9500  3.3520 -0.9756 -3.2069
32 13.5000  1.7200 24.0000  3.2613 -0.7207 -3.1807
32 13.5000  1.7200 24.0500  3.1915 -0.4575 -3.1585
32 13.5000  1.7200 24.1000  3.1466 -0.1857 -3.1411
32 13.5000  1.7200 24.1500  3.1272  0.0933 -3.1258
32 13.5000  1.7200 24.2000  3.1374  0.3801 -3.1143
32 13.5000  1.7200 24.2500  3.1780  0.6727 -3.1060
32 13.5000  1.7200 24.3000  3.2507  0.9710 -3.1022
32 13.5000  1.7200 24.3500  3.3543  1.2691 -3.1049
32 13.5000  1.7200 24.4000  3.4842  1.5695 -3.1107
32 13.5000  1.7200 24.4500  3.6398  1.8666 -3.1247
32 13.5000  1.7200 24.5000  3.8150  2.1589 -3.1453
32 14.0000  1.7200 23.7000  3.7448 -2.4620 -2.8216
32 14.0000  1.7200 23.7500  3.5514 -2.2120 -2.7784
32 14.0000  1.7200 23.8000  3.3681 -1.9559 -2.7420
32 14.0000  1.7200 23.8500  3.1986 -1.6950 -2.7126
32 14.0000  1.7200 23.9000  3.0441 -1.4246 -2.6901
32 14.0000  1.7200 23.9500  2.9082 -1.1657 -2.6643
32 14.0000  1.7200 24.0000  2.7925 -0.9050 -2.6418
32 14.0000  1.7200 24.0500  2.6990 -0.6359 -2.6230
32 14.0000  1.7200 24.1000  2.6318 -0.3602 -2.6071
32 14.0000  1.7200 24.1500  2.5942 -0.0788 -2.5930
32 14.0000  1.7200 24.2000  2.5914  0.2095 -2.5829
32 14.0000  1.7200 24.2500  2.6245  0.5056 -2.5753
32 14.0000  1.7200 24.3000  2.6960  0.8015 -2.5741
32 14.0000  1.7200 24.3500  2.8017  1.1002 -2.5766
32 14.0000  1.7200 24.4000  2.9386  1.4021 -2.5825
32 14.0000  1.7200 24.4500  3.1031  1.6953 -2.5991
32 14.0000  1.7200 24.5000  3.2907  1.9932 -2.6184
32 14.5000  1.7200 23.7000  3.5013 -2.6321 -2.3089
32 14.5000  1.7200 23.7500  3.2850 -2.3751 -2.2694
32 14.5000  1.7200 23.8000  3.0798 -2.1194 -2.2345
32 14.5000  1.7200 23.8500  2.8835 -1.8565 -2.2063
32 14.5000  1.7200 23.9000  2.7010 -1.5911 -2.1826
32 14.5000  1.7200 23.9500  2.5330 -1.3106 -2.1675
32 14.5000  1.7200 24.0000  2.3883 -1.0421 -2.1490
32 14.5000  1.7200 24.0500  2.2663 -0.7702 -2.1314
32 14.5000  1.7200 24.1000  2.1735 -0.4938 -2.1167
32 14.5000  1.7200 24.1500  2.1150 -0.2096 -2.1046
32 14.5000  1.7200 24.2000  2.0968  0.0792 -2.0953
32 14.5000  1.7200 24.2500  2.1218  0.3757 -2.0882
32 14.5000  1.7200 24.3000  2.1927  0.6697 -2.0879
32 14.5000  1.7200 24.3500  2.3049  0.9688 -2.0915
32 14.5000  1.7200 24.4000  2.4529  1.2705 -2.0982
32 14.5000  1.7200 24.4500  2.6307  1.5631 -2.1160
32 14.5000  1.7200 24.5000  2.8320  1.8612 -2.1345
32 15.0000  1.7200 23.7000  3.3111 -2.7535 -1.8390
32 15.0000  1.7200 23.7500  3.0802 -2.4995 -1.8001
32 15.0000  1.7200 23.8000  2.8539 -2.2400 -1.7684
32 15.0000  1.7200 23.8500  2.6367 -1.9821 -1.7388
32 15.0000  1.7200 23.9000  2.4273 -1.7171 -1.7157
32 15.0000  1.7200 23.9500  2.2295 -1.4452 -1.6977
32 15.0000  1.7200 24.0000  2.0482 -1.1630 -1.6860
32 15.0000  1.7200 24.0500  1.8915 -0.8825 -1.6730
32 15.0000  1.7200 24.1000  1.7663 -0.6027 -1.6603
32 15.0000  1.7200 24.1500  1.6797 -0.3176 -1.6494
32 15.0000  1.7200 24.2000  1.6405 -0.0282 -1.6403
32 15.0000  1.7200 24.2500  1.6575  0.2654 -1.6361
32 15.0000  1.7200 24.3000  1.7299  0.5612 -1.6363
32 15.0000  1.7200 24.3500  1.8514  0.8613 -1.6389
32 15.0000  1.7200 24.4000  2.0154  1.1574 -1.6500
32 15.0000  1.7200 24.4500  2.2109  1.4559 -1.6638
32 15.0000  1.7200 24.5000  2.4294  1.7521 -1.6829
32 15.5000  1.7200 23.7000  3.1807 -2.8563 -1.3993
32 15.5000  1.7200 23.7500  2.9360 -2.6005 -1.3627
32 15.5000  1.7200 23.8000  2.6946 -2.3427 -1.3313
32 15.5000  1.7200 23.8500  2.4576 -2.0829 -1.3043
32 15.5000  1.7200 23.9000  2.2263 -1.8207 -1.2810
32 15.5000  1.7200 23.9500  2.0012 -1.5535 -1.2617
32 15.5000  1.7200 24.0000  1.7859 -1.2777 -1.2477
32 15.5000  1.7200 24.0500  1.5854 -0.9894 -1.2387
32 15.5000  1.7200 24.1000  1.4156 -0.6983 -1.2313
32 15.5000  1.7200 24.1500  1.2892 -0.4122 -1.2215
32 15.5000  1.7200 24.2000  1.2193 -0.1200 -1.2134
32 15.5000  1.7200 24.2500  1.2230  0.1701 -1.2111
32 15.5000  1.7200 24.3000  1.2985  0.4673 -1.2115
32 15.5000  1.7200 24.3500  1.4360  0.7670 -1.2140
32 15.5000  1.7200 24.4000  1.6210  1.0591 -1.2271
32 15.5000  1.7200 24.4500  1.8388  1.3577 -1.2401
32 15.5000  1.7200 24.5000  2.0794  1.6553 -1.2584
32 16.0000  1.7200 23.7000  3.1068 -2.9465 -0.9852
32 16.0000  1.7200 23.7500  2.8512 -2.6880 -0.9508
32 16.0000  1.7200 23.8000  2.5995 -2.4311 -0.9205
32 16.0000  1.7200 23.8500  2.3485 -2.1714 -0.8946
32 16.0000  1.7200 23.9000  2.0990 -1.9093 -0.8721
32 16.0000  1.7200 23.9500  1.8514 -1.6431 -0.8532
32 16.0000  1.7200 24.0000  1.6069 -1.3716 -0.8372
32 16.0000  1.7200 24.0500  1.3674 -1.0896 -0.8262
32 16.0000  1.7200 24.1000  1.1435 -0.7962 -0.8207
32 16.0000  1.7200 24.1500  0.9571 -0.4991 -0.8167
32 16.0000  1.7200 24.2000  0.8370 -0.2087 -0.8105
32 16.0000  1.7200 24.2500  0.8135  0.0840 -0.8092
32 16.0000  1.7200 24.3000  0.8945  0.3802 -0.8097
32 16.0000  1.7200 24.3500  1.0598  0.6777 -0.8148
32 16.0000  1.7200 24.4000  1.2755  0.9722 -0.8257
32 16.0000  1.7200 24.4500  1.5232  1.2713 -0.8389
32 16.0000  1.7200 24.5000  1.7859  1.5665 -0.8577
32 16.5000  1.7200 23.7000  3.0854 -3.0278 -0.5930
32 16.5000  1.7200 23.7500  2.8239 -2.7678 -0.5601
32 16.5000  1.7200 23.8000  2.5674 -2.5118 -0.5314
32 16.5000  1.7200 23.8500  2.3079 -2.2517 -0.5060
32 16.5000  1.7200 23.9000  2.0504 -1.9925 -0.4840
32 16.5000  1.7200 23.9500  1.7864 -1.7245 -0.4660
32 16.5000  1.7200 24.0000  1.5219 -1.4536 -0.4509
32 16.5000  1.7200 24.0500  1.2565 -1.1776 -0.4383
32 16.5000  1.7200 24.1000  0.9885 -0.8899 -0.4304
32 16.5000  1.7200 24.1500  0.7287 -0.5896 -0.4282
32 16.5000  1.7200 24.2000  0.5178 -0.2908 -0.4285
32 16.5000  1.7200 24.2500  0.4267  0.0033 -0.4267
32 16.5000  1.7200 24.3000  0.5232  0.3013 -0.4278
32 16.5000  1.7200 24.3500  0.7370  0.5946 -0.4355
32 16.5000  1.7200 24.4000  0.9965  0.8919 -0.4443
32 16.5000  1.7200 24.4500  1.2740  1.1888 -0.4580
32 16.5000  1.7200 24.5000  1.5584  1.4838 -0.4764
32 17.0000  1.7200 23.7000  3.1162 -3.1086 -0.2177
32 17.0000  1.7200 23.7500  2.8520 -2.8459 -0.1877
32 17.0000  1.7200 23.8000  2.5906 -2.5856 -0.1606
32 17.0000  1.7200 23.8500  2.3319 -2.3279 -0.1365
32 17.0000  1.7200 23.9000  2.0697 -2.0665 -0.1156
32 17.0000  1.7200 23.9500  1.8047 -1.8021 -0.0971
32 17.0000  1.7200 24.0000  1.5341 -1.5318 -0.0827
32 17.0000  1.7200 24.0500  1.2568 -1.2548 -0.0707
32 17.0000  1.7200 24.1000  0.9742 -0.9723 -0.0610
32 17.0000  1.7200 24.1500  0.6811 -0.6788 -0.0558
32 17.0000  1.7200 24.2000  0.3806 -0.3759 -0.0596
32 17.0000  1.7200 24.2500  0.0978 -0.0755 -0.0623
32 17.0000  1.7200 24.3000  0.2325  0.2237 -0.0634
32 17.0000  1.7200 24.3500  0.5209  0.5158 -0.0727
32 17.0000  1.7200 24.4000  0.8174  0.8134 -0.0812
32 17.0000  1.7200 24.4500  1.1137  1.1097 -0.0944
32 17.0000  1.7200 24.5000  1.4082  1.4036 -0.1135
32 17.5000  1.7200 23.7000  3.1929 -3.1897  0.1424
32 17.5000  1.7200 23.7500  2.9272 -2.9223  0.1693
32 17.5000  1.7200 23.8000  2.6659 -2.6589  0.1941
32 17.5000  1.7200 23.8500  2.4101 -2.4004  0.2164
32 17.5000  1.7200 23.9000  2.1524 -2.1393  0.2369
32 17.5000  1.7200 23.9500  1.8918 -1.8746  0.2544
32 17.5000  1.7200 24.0000  1.6281 -1.6057  0.2694
32 17.5000  1.7200 24.0500  1.3587 -1.3295  0.2804
32 17.5000  1.7200 24.1000  1.0869 -1.0475  0.2902
32 17.5000  1.7200 24.1500  0.8156 -0.7598  0.2964
32 17.5000  1.7200 24.2000  0.5506 -0.4645  0.2956
32 17.5000  1.7200 24.2500  0.3285 -0.1552  0.2895
32 17.5000  1.7200 24.3000  0.3180  0.1435  0.2839
32 17.5000  1.7200 24.3500  0.5204  0.4409  0.2764
32 17.5000  1.7200 24.4000  0.7852  0.7384  0.2670
32 17.5000  1.7200 24.4500  1.0639  1.0332  0.2537
32 17.5000  1.7200 24.5000  1.3451  1.3245  0.2346
32 18.0000  1.7200 23.7000  3.3052 -3.2691  0.4870
32 18.0000  1.7200 23.7500  3.0449 -3.0015  0.5126
32 18.0000  1.7200 23.8000  2.7870 -2.7352  0.5349
32 18.0000  1.7200 23.8500  2.5342 -2.4726  0.5556
32 18.0000  1.7200 23.9000  2.2846 -2.2112  0.5746
32 18.0000  1.7200 23.9500  2.0350 -1.9471  0.5918
32 18.0000  1.7200 24.0000  1.7844 -1.6783  0.6059
32 18.0000  1.7200 24.0500  1.5340 -1.4039  0.6181
32 18.0000  1.7200 24.1000  1.2848 -1.1214  0.6270
32 18.0000  1.7200 24.1500  1.0482 -0.8364  0.6318
32 18.0000  1.7200 24.2000  0.8353 -0.5444  0.6335
32 18.0000  1.7200 24.2500  0.6758 -0.2427  0.6308
32 18.0000  1.7200 24.3000  0.6220  0.0635  0.6188
32 18.0000  1.7200 24.3500  0.7114  0.3639  0.6113
32 18.0000  1.7200 24.4000  0.8940  0.6616  0.6013
32 18.0000  1.7200 24.4500  1.1233  0.9572  0.5878
32 18.0000  1.7200 24.5000  1.3731  1.2494  0.5695
32 18.5000  1.7200 23.7000  3.4504 -3.3515  0.8200
32 18.5000  1.7200 23.7500  3.1935 -3.0804  0.8425
32 18.5000  1.7200 23.8000  2.9427 -2.8131  0.8638
32 18.5000  1.7200 23.8500  2.6959 -2.5474  0.8825
32 18.5000  1.7200 23.9000  2.4534 -2.2825  0.8998
32 18.5000  1.7200 23.9500  2.2162 -2.0182  0.9158
32 18.5000  1.7200 24.0000  1.9813 -1.7495  0.9300
32 18.5000  1.7200 24.0500  1.7512 -1.4766  0.9415
32 18.5000  1.7200 24.1000  1.5280 -1.1960  0.9511
32 18.5000  1.7200 24.1500  1.3208 -0.9128  0.9546
32 18.5000  1.7200 24.2000  1.1411 -0.6220  0.9567
32 18.5000  1.7200 24.2500  1.0092 -0.3234  0.9559
32 18.5000  1.7200 24.3000  0.9458 -0.0243  0.9455
32 18.5000  1.7200 24.3500  0.9767  0.2865  0.9338
32 18.5000  1.7200 24.4000  1.0940  0.5857  0.9240
32 18.5000  1.7200 24.4500  1.2649  0.8793  0.9093
32 18.5000  1.7200 24.5000  1.4732  1.1719  0.8927
32 19.0000  1.7200 23.7000  3.6229 -3.4383  1.1418
32 19.0000  1.7200 23.7500  3.3644 -3.1580  1.1603
32 19.0000  1.7200 23.8000  3.1237 -2.8919  1.1809
32 19.0000  1.7200 23.8500  2.8867 -2.6260  1.1988
32 19.0000  1.7200 23.9000  2.6532 -2.3591  1.2143
32 19.0000  1.7200 23.9500  2.4252 -2.0910  1.2285
32 19.0000  1.7200 24.0000  2.2060 -1.8230  1.2422
32 19.0000  1.7200 24.0500  1.9936 -1.5504  1.2533
32 19.0000  1.7200 24.1000  1.7910 -1.2704  1.2624
32 19.0000  1.7200 24.1500  1.6062 -0.9879  1.2665
32 19.0000  1.7200 24.2000  1.4475 -0.6974  1.2684
32 19.0000  1.7200 24.2500  1.3307 -0.4038  1.2680
32 19.0000  1.7200 24.3000  1.2648 -0.1072  1.2602
32 19.0000  1.7200 24.3500  1.2653  0.1987  1.2496
32 19.0000  1.7200 24.4000  1.3348  0.5068  1.2349
32 19.0000  1.7200 24.4500  1.4587  0.8003  1.2195
32 19.0000  1.7200 24.5000  1.6280  1.0952  1.2046
32 19.5000  1.7200 23.7000  3.8141 -3.5268  1.4522
32 19.5000  1.7200 23.7500  3.5645 -3.2467  1.4711
32 19.5000  1.7200 23.8000  3.3226 -2.9714  1.4866
32 19.5000  1.7200 23.8500  3.0956 -2.7055  1.5042
32 19.5000  1.7200 23.9000  2.8731 -2.4387  1.5189
32 19.5000  1.7200 23.9500  2.6549 -2.1685  1.5317
32 19.5000  1.7200 24.0000  2.4460 -1.8973  1.5437
32 19.5000  1.7200 24.0500  2.2486 -1.6245  1.5547
32 19.5000  1.7200 24.1000  2.0630 -1.3466  1.5629
32 19.5000  1.7200 24.1500  1.8950 -1.0650  1.5674
32 19.5000  1.7200 24.2000  1.7515 -0.7763  1.5700
32 19.5000  1.7200 24.2500  1.6400 -0.4828  1.5673
32 19.5000  1.7200 24.3000  1.5742 -0.1879  1.5630
32 19.5000  1.7200 24.3500  1.5578  0.1125  1.5538
32 19.5000  1.7200 24.4000  1.5954  0.4184  1.5395
32 19.5000  1.7200 24.4500  1.6833  0.7198  1.5216
32 19.5000  1.7200 24.5000  1.8170  1.0158  1.5066
32 20.0000  1.7200 23.7000  4.0164 -3.6139  1.7525
32 20.0000  1.7200 23.7500  3.7787 -3.3378  1.7714
32 20.0000  1.7200 23.8000  3.5452 -3.0622  1.7864
32 20.0000  1.7200 23.8500  3.3175 -2.7871  1.7994
32 20.0000  1.7200 23.9000  3.1058 -2.5208  1.8143
32 20.0000  1.7200 23.9500  2.8988 -2.2511  1.8264
32 20.0000  1.7200 24.0000  2.6977 -1.9758  1.8369
32 20.0000  1.7200 24.0500  2.5109 -1.7013  1.8467
32 20.0000  1.7200 24.1000  2.3386 -1.4259  1.8536
32 20.0000  1.7200 24.1500  2.1824 -1.1439  1.8586
32 20.0000  1.7200 24.2000  2.0485 -0.8551  1.8615
32 20.0000  1.7200 24.2500  1.9426 -0.5652  1.8586
32 20.0000  1.7200 24.3000  1.8742 -0.2703  1.8546
32 20.0000  1.7200 24.3500  1.8474  0.0283  1.8471
32 20.0000  1.7200 24.4000  1.8638  0.3299  1.8343
32 20.0000  1.7200 24.4500  1.9238  0.6321  1.8170
32 20.0000  1.7200 24.5000  2.0287  0.9343  1.8007
32 20.5000  1.7200 23.7000  4.2353 -3.7086  2.0454
32 20.5000  1.7200 23.7500  4.0001 -3.4280  2.0615
32 20.5000  1.7200 23.8000  3.7768 -3.1542  2.0773
32 20.5000  1.7200 23.8500  3.5577 -2.8795  2.0893
32 20.5000  1.7200 23.9000  3.3458 -2.6045  2.1002
32 20.5000  1.7200 23.9500  3.1481 -2.3342  2.1123
32 20.5000  1.7200 24.0000  2.9586 -2.0612  2.1224
32 20.5000  1.7200 24.0500  2.7783 -1.7826  2.1310
32 20.5000  1.7200 24.1000  2.6147 -1.5071  2.1367
32 20.5000  1.7200 24.1500  2.4673 -1.2257  2.1413
32 20.5000  1.7200 24.2000  2.3405 -0.9374  2.1446
32 20.5000  1.7200 24.2500  2.2382 -0.6507  2.1416
32 20.5000  1.7200 24.3000  2.1667 -0.3535  2.1377
32 20.5000  1.7200 24.3500  2.1320 -0.0581  2.1312
32 20.5000  1.7200 24.4000  2.1331  0.2397  2.1196
32 20.5000  1.7200 24.4500  2.1724  0.5405  2.1041
32 20.5000  1.7200 24.5000  2.2520  0.8455  2.0872
32 21.0000  1.7200 23.7000  4.4710 -3.8143  2.3326
32 21.0000  1.7200 23.7500  4.2354 -3.5269  2.3450
32 21.0000  1.7200 23.8000  4.0143 -3.2484  2.3585
32 21.0000  1.7200 23.8500  3.8058 -2.9766  2.3715
32 21.0000  1.7200 23.9000  3.5995 -2.6994  2.3812
32 21.0000  1.7200 23.9500  3.4035 -2.4230  2.3902
32 21.0000  1.7200 24.0000  3.2213 -2.1487  2.4001
32 21.0000  1.7200 24.0500  3.0495 -1.8714  2.4078
32 21.0000  1.7200 24.1000  2.8902 -1.5917  2.4124
32 21.0000  1.7200 24.1500  2.7486 -1.3097  2.4165
32 21.0000  1.7200 24.2000  2.6269 -1.0227  2.4197
32 21.0000  1.7200 24.2500  2.5271 -0.7380  2.4170
32 21.0000  1.7200 24.3000  2.4542 -0.4423  2.4140
32 21.0000  1.7200 24.3500  2.4110 -0.1448  2.4066
32 21.0000  1.7200 24.4000  2.4007  0.1473  2.3962
32 21.0000  1.7200 24.4500  2.4246  0.4464  2.3832
32 21.0000  1.7200 24.5000  2.4838  0.7505  2.3677
32 21.5000  1.7200 23.7000  4.7163 -3.9266  2.6124
32 21.5000  1.7200 23.7500  4.4813 -3.6334  2.6231
32 21.5000  1.7200 23.8000  4.2610 -3.3494  2.6340
32 21.5000  1.7200 23.8500  4.0553 -3.0740  2.6451
32 21.5000  1.7200 23.9000  3.8574 -2.7982  2.6550
32 21.5000  1.7200 23.9500  3.6659 -2.5193  2.6631
32 21.5000  1.7200 24.0000  3.4870 -2.2422  2.6705
32 21.5000  1.7200 24.0500  3.3212 -1.9643  2.6780
32 21.5000  1.7200 24.1000  3.1678 -1.6855  2.6822
32 21.5000  1.7200 24.1500  3.0287 -1.4008  2.6853
32 21.5000  1.7200 24.2000  2.9088 -1.1131  2.6874
32 21.5000  1.7200 24.2500  2.8104 -0.8281  2.6856
32 21.5000  1.7200 24.3000  2.7356 -0.5353  2.6827
32 21.5000  1.7200 24.3500  2.6873 -0.2411  2.6765
32 21.5000  1.7200 24.4000  2.6658  0.0536  2.6653
32 21.5000  1.7200 24.4500  2.6777  0.3505  2.6546
32 21.5000  1.7200 24.5000  2.7195  0.6502  2.6406
32 22.0000  1.7200 23.7000  4.9660 -4.0417  2.8854
32 22.0000  1.7200 23.7500  4.7377 -3.7493  2.8963
32 22.0000  1.7200 23.8000  4.5181 -3.4607  2.9047
32 22.0000  1.7200 23.8500  4.3133 -3.1805  2.9135
32 22.0000  1.7200 23.9000  4.1190 -2.9026  2.9225
32 22.0000  1.7200 23.9500  3.9337 -2.6248  2.9300
32 22.0000  1.7200 24.0000  3.7580 -2.3451  2.9365
32 22.0000  1.7200 24.0500  3.5939 -2.0640  2.9420
32 22.0000  1.7200 24.1000  3.4444 -1.7847  2.9460
32 22.0000  1.7200 24.1500  3.3074 -1.4980  2.9487
32 22.0000  1.7200 24.2000  3.1882 -1.2102  2.9496
32 22.0000  1.7200 24.2500  3.0895 -0.9235  2.9482
32 22.0000  1.7200 24.3000  3.0125 -0.6318  2.9455
32 22.0000  1.7200 24.3500  2.9587 -0.3385  2.9393
32 22.0000  1.7200 24.4000  2.9297 -0.0473  2.9293
32 22.0000  1.7200 24.4500  2.9299  0.2515  2.9190
32 22.0000  1.7200 24.5000  2.9579  0.5482  2.9066
32 22.5000  1.7200 23.7000  5.2316 -4.1724  3.1561
32 22.5000  1.7200 23.7500  4.9995 -3.8719  3.1628
32 22.5000  1.7200 23.8000  4.7859 -3.5841  3.1715
32 22.5000  1.7200 23.8500  4.5790 -3.2967  3.1779
32 22.5000  1.7200 23.9000  4.3864 -3.0162  3.1848
32 22.5000  1.7200 23.9500  4.2049 -2.7372  3.1920
32 22.5000  1.7200 24.0000  4.0304 -2.4535  3.1975
32 22.5000  1.7200 24.0500  3.8671 -2.1697  3.2010
32 22.5000  1.7200 24.1000  3.7209 -1.8905  3.2049
32 22.5000  1.7200 24.1500  3.5865 -1.6049  3.2074
32 22.5000  1.7200 24.2000  3.4667 -1.3159  3.2073
32 22.5000  1.7200 24.2500  3.3661 -1.0271  3.2056
32 22.5000  1.7200 24.3000  3.2861 -0.7353  3.2027
32 22.5000  1.7200 24.3500  3.2277 -0.4442  3.1970
32 22.5000  1.7200 24.4000  3.1916 -0.1528  3.1880
32 22.5000  1.7200 24.4500  3.1816  0.1452  3.1783
32 22.5000  1.7200 24.5000  3.1972  0.4407  3.1667
