32 13.0000  0.5000 24.2000  3.7593  0.9043 -3.6489
32 13.0000  1.0000 24.2000  3.4818  0.5094 -3.4444
32 13.0000  1.5000 24.2000  3.9669  0.7763 -3.8902
32 13.0000  2.0000 24.2000  3.3533  0.4616 -3.3214
32 13.0000  2.5000 24.2000  2.7524  0.3242 -2.7332
32 13.0000  3.0000 24.2000  2.2609  0.2728 -2.2443
32 13.0000  3.5000 24.2000  1.8487  0.2535 -1.8312
32 13.0000  4.0000 24.2000  1.5037  0.2441 -1.4838
32 13.0000  4.5000 24.2000  1.2075  0.2442 -1.1826
32 13.0000  5.0000 24.2000  0.9525  0.2476 -0.9198
32 13.0000  5.5000 24.2000  0.7358  0.2554 -0.6901
32 13.0000  6.0000 24.2000  0.5509  0.2617 -0.4848
32 13.0000  6.5000 24.2000  0.4055  0.2694 -0.3030
32 13.0000  7.0000 24.2000  0.3094  0.2761 -0.1396
32 13.0000  7.5000 24.2000  0.2813  0.2813  0.0058
32 13.0000  8.0000 24.2000  0.3172  0.2854  0.1384
32 13.0000  8.5000 24.2000  0.3900  0.2910  0.2597
32 13.0000  9.0000 24.2000  0.4771  0.2987  0.3720
32 13.0000  9.5000 24.2000  0.5660  0.3050  0.4768
32 13.0000 10.0000 24.2000  0.6519  0.3106  0.5732
32 13.2500  0.5000 24.2000  3.4397  0.5047 -3.4024
32 13.2500  1.0000 24.2000  2.9208  0.2079 -2.9134
32 13.2500  1.5000 24.2000  3.5817  0.5639 -3.5370
32 13.2500  2.0000 24.2000  3.0670  0.3728 -3.0443
32 13.2500  2.5000 24.2000  2.5097  0.2767 -2.4944
32 13.2500  3.0000 24.2000  2.0486  0.2423 -2.0343
32 13.2500  3.5000 24.2000  1.6624  0.2314 -1.6462
32 13.2500  4.0000 24.2000  1.3358  0.2281 -1.3162
32 13.2500  4.5000 24.2000  1.0558  0.2318 -1.0301
32 13.2500  5.0000 24.2000  0.8163  0.2388 -0.7806
32 13.2500  5.5000 24.2000  0.6122  0.2462 -0.5605
32 13.2500  6.0000 24.2000  0.4453  0.2547 -0.3652
32 13.2500  6.5000 24.2000  0.3252  0.2635 -0.1906
32 13.2500  7.0000 24.2000  0.2727  0.2703 -0.0364
32 13.2500  7.5000 24.2000  0.2941  0.2751  0.1039
32 13.2500  8.0000 24.2000  0.3634  0.2809  0.2306
32 13.2500  8.5000 24.2000  0.4525  0.2891  0.3481
32 13.2500  9.0000 24.2000  0.5444  0.2949  0.4577
32 13.2500  9.5000 24.2000  0.6347  0.3021  0.5581
32 13.2500 10.0000 24.2000  0.7189  0.3080  0.6496
32 13.5000  0.5000 24.2000  3.6143  0.7040 -3.5451
32 13.5000  1.0000 24.2000  3.0476  0.3457 -3.0279
32 13.5000  1.5000 24.2000  3.4401  0.4941 -3.4045
32 13.5000  2.0000 24.2000  2.7972  0.2978 -2.7814
32 13.5000  2.5000 24.2000  2.2778  0.2343 -2.2657
32 13.5000  3.0000 24.2000  1.8446  0.2159 -1.8319
32 13.5000  3.5000 24.2000  1.4822  0.2108 -1.4671
32 13.5000  4.0000 24.2000  1.1724  0.2131 -1.1528
32 13.5000  4.5000 24.2000  0.9086  0.2204 -0.8814
32 13.5000  5.0000 24.2000  0.6847  0.2293 -0.6452
32 13.5000  5.5000 24.2000  0.4953  0.2391 -0.4338
32 13.5000  6.0000 24.2000  0.3509  0.2487 -0.2476
32 13.5000  6.5000 24.2000  0.2696  0.2570 -0.0815
32 13.5000  7.0000 24.2000  0.2724  0.2641  0.0665
32 13.5000  7.5000 24.2000  0.3360  0.2698  0.2002
32 13.5000  8.0000 24.2000  0.4252  0.2773  0.3224
32 13.5000  8.5000 24.2000  0.5212  0.2848  0.4365
32 13.5000  9.0000 24.2000  0.6156  0.2915  0.5422
32 13.5000  9.5000 24.2000  0.7046  0.3004  0.6373
32 13.5000 10.0000 24.2000  0.7877  0.3049  0.7263
32 13.7500  0.5000 24.2000  2.9321 -0.0660 -2.9313
32 13.7500  1.0000 24.2000  3.7185  0.7138 -3.6493
32 13.7500  1.5000 24.2000  3.1328  0.3637 -3.1116
32 13.7500  2.0000 24.2000  2.5412  0.2344 -2.5303
32 13.7500  2.5000 24.2000  2.0547  0.1969 -2.0453
32 13.7500  3.0000 24.2000  1.6475  0.1892 -1.6366
32 13.7500  3.5000 24.2000  1.3057  0.1903 -1.2918
32 13.7500  4.0000 24.2000  1.0144  0.1984 -0.9948
32 13.7500  4.5000 24.2000  0.7659  0.2086 -0.7370
32 13.7500  5.0000 24.2000  0.5563  0.2206 -0.5107
32 13.7500  5.5000 24.2000  0.3871  0.2318 -0.3100
32 13.7500  6.0000 24.2000  0.2767  0.2430 -0.1323
32 13.7500  6.5000 24.2000  0.2504  0.2491  0.0258
32 13.7500  7.0000 24.2000  0.3062  0.2569  0.1667
32 13.7500  7.5000 24.2000  0.3971  0.2648  0.2959
32 13.7500  8.0000 24.2000  0.4962  0.2729  0.4144
32 13.7500  8.5000 24.2000  0.5956  0.2817  0.5248
32 13.7500  9.0000 24.2000  0.6884  0.2894  0.6246
32 13.7500  9.5000 24.2000  0.7753  0.2954  0.7168
32 13.7500 10.0000 24.2000  0.8570  0.3024  0.8018
32 14.0000  0.5000 24.2000  2.4536 -0.6515 -2.3655
32 14.0000  1.0000 24.2000  3.5421  0.5671 -3.4964
32 14.0000  1.5000 24.2000  2.8465  0.2565 -2.8350
32 14.0000  2.0000 24.2000  2.2968  0.1782 -2.2899
32 14.0000  2.5000 24.2000  1.8396  0.1619 -1.8325
32 14.0000  3.0000 24.2000  1.4573  0.1633 -1.4481
32 14.0000  3.5000 24.2000  1.1349  0.1723 -1.1217
32 14.0000  4.0000 24.2000  0.8599  0.1848 -0.8398
32 14.0000  4.5000 24.2000  0.6267  0.1978 -0.5947
32 14.0000  5.0000 24.2000  0.4341  0.2113 -0.3792
32 14.0000  5.5000 24.2000  0.2919  0.2236 -0.1875
32 14.0000  6.0000 24.2000  0.2347  0.2339 -0.0187
32 14.0000  6.5000 24.2000  0.2760  0.2430  0.1307
32 14.0000  7.0000 24.2000  0.3667  0.2523  0.2660
32 14.0000  7.5000 24.2000  0.4701  0.2617  0.3906
32 14.0000  8.0000 24.2000  0.5735  0.2709  0.5055
32 14.0000  8.5000 24.2000  0.6711  0.2792  0.6103
32 14.0000  9.0000 24.2000  0.7625  0.2868  0.7065
32 14.0000  9.5000 24.2000  0.8468  0.2934  0.7944
32 14.0000 10.0000 24.2000  0.9266  0.3004  0.8765
32 14.2500  0.5000 24.2000  2.2848 -0.8526 -2.1198
32 14.2500  1.0000 24.2000  3.2054  0.3509 -3.1861
32 14.2500  1.5000 24.2000  2.5764  0.1657 -2.5711
32 14.2500  2.0000 24.2000  2.0627  0.1281 -2.0587
32 14.2500  2.5000 24.2000  1.6325  0.1309 -1.6272
32 14.2500  3.0000 24.2000  1.2734  0.1389 -1.2658
32 14.2500  3.5000 24.2000  0.9686  0.1546 -0.9562
32 14.2500  4.0000 24.2000  0.7096  0.1711 -0.6887
32 14.2500  4.5000 24.2000  0.4930  0.1876 -0.4559
32 14.2500  5.0000 24.2000  0.3216  0.2023 -0.2500
32 14.2500  5.5000 24.2000  0.2270  0.2166 -0.0681
32 14.2500  6.0000 24.2000  0.2444  0.2266  0.0917
32 14.2500  6.5000 24.2000  0.3337  0.2377  0.2341
32 14.2500  7.0000 24.2000  0.4405  0.2468  0.3648
32 14.2500  7.5000 24.2000  0.5493  0.2572  0.4853
32 14.2500  8.0000 24.2000  0.6518  0.2657  0.5952
32 14.2500  8.5000 24.2000  0.7479  0.2749  0.6955
32 14.2500  9.0000 24.2000  0.8366  0.2836  0.7871
32 14.2500  9.5000 24.2000  0.9195  0.2904  0.8724
32 14.2500 10.0000 24.2000  0.9969  0.2982  0.9513
32 14.5000  0.5000 24.2000  3.6893  0.8066 -3.6001
32 14.5000  1.0000 24.2000  2.9005  0.1768 -2.8951
32 14.5000  1.5000 24.2000  2.3196  0.0858 -2.3180
32 14.5000  2.0000 24.2000  1.8366  0.0822 -1.8348
32 14.5000  2.5000 24.2000  1.4321  0.0983 -1.4287
32 14.5000  3.0000 24.2000  1.0936  0.1168 -1.0873
32 14.5000  3.5000 24.2000  0.8065  0.1378 -0.7946
32 14.5000  4.0000 24.2000  0.5644  0.1587 -0.5416
32 14.5000  4.5000 24.2000  0.3647  0.1769 -0.3189
32 14.5000  5.0000 24.2000  0.2294  0.1934 -0.1233
32 14.5000  5.5000 24.2000  0.2140  0.2085  0.0483
32 14.5000  6.0000 24.2000  0.2967  0.2193  0.1998
32 14.5000  6.5000 24.2000  0.4084  0.2304  0.3371
32 14.5000  7.0000 24.2000  0.5221  0.2420  0.4626
32 14.5000  7.5000 24.2000  0.6320  0.2535  0.5790
32 14.5000  8.0000 24.2000  0.7321  0.2619  0.6836
32 14.5000  8.5000 24.2000  0.8253  0.2723  0.7790
32 14.5000  9.0000 24.2000  0.9113  0.2796  0.8674
32 14.5000  9.5000 24.2000  0.9917  0.2879  0.9490
32 14.5000 10.0000 24.2000  1.0673  0.2946  1.0258
32 14.7500  0.5000 24.2000  3.2844  0.3214 -3.2686
32 14.7500  1.0000 24.2000  2.6184  0.0311 -2.6182
32 14.7500  1.5000 24.2000  2.0747  0.0149 -2.0747
32 14.7500  2.0000 24.2000  1.6188  0.0394 -1.6184
32 14.7500  2.5000 24.2000  1.2388  0.0689 -1.2369
32 14.7500  3.0000 24.2000  0.9191  0.0979 -0.9139
32 14.7500  3.5000 24.2000  0.6482  0.1229 -0.6365
32 14.7500  4.0000 24.2000  0.4218  0.1451 -0.3961
32 14.7500  4.5000 24.2000  0.2494  0.1672 -0.1851
32 14.7500  5.0000 24.2000  0.1849  0.1849  0.0006
32 14.7500  5.5000 24.2000  0.2571  0.1996  0.1620
32 14.7500  6.0000 24.2000  0.3732  0.2122  0.3069
32 14.7500  6.5000 24.2000  0.4933  0.2246  0.4393
32 14.7500  7.0000 24.2000  0.6086  0.2371  0.5605
32 14.7500  7.5000 24.2000  0.7153  0.2489  0.6706
32 14.7500  8.0000 24.2000  0.8125  0.2590  0.7701
32 14.7500  8.5000 24.2000  0.9027  0.2694  0.8616
32 14.7500  9.0000 24.2000  0.9864  0.2763  0.9469
32 14.7500  9.5000 24.2000  1.0649  0.2848  1.0261
32 14.7500 10.0000 24.2000  1.1385  0.2914  1.1006
32 15.0000  0.5000 24.2000  2.9652 -0.0495 -2.9647
32 15.0000  1.0000 24.2000  2.3544 -0.0962 -2.3524
32 15.0000  1.5000 24.2000  1.8399 -0.0508 -1.8392
32 15.0000  2.0000 24.2000  1.4090 -0.0000 -1.4090
32 15.0000  2.5000 24.2000  1.0509  0.0421 -1.0501
32 15.0000  3.0000 24.2000  0.7485  0.0760 -0.7446
32 15.0000  3.5000 24.2000  0.4943  0.1076 -0.4825
32 15.0000  4.0000 24.2000  0.2869  0.1335 -0.2540
32 15.0000  4.5000 24.2000  0.1652  0.1562 -0.0538
32 15.0000  5.0000 24.2000  0.2131  0.1755  0.1208
32 15.0000  5.5000 24.2000  0.3342  0.1904  0.2746
32 15.0000  6.0000 24.2000  0.4617  0.2050  0.4136
32 15.0000  6.5000 24.2000  0.5838  0.2196  0.5409
32 15.0000  7.0000 24.2000  0.6970  0.2328  0.6570
32 15.0000  7.5000 24.2000  0.7989  0.2446  0.7606
32 15.0000  8.0000 24.2000  0.8936  0.2548  0.8565
32 15.0000  8.5000 24.2000  0.9812  0.2641  0.9450
32 15.0000  9.0000 24.2000  1.0628  0.2734  1.0271
32 15.0000  9.5000 24.2000  1.1389  0.2806  1.1038
32 15.0000 10.0000 24.2000  1.2104  0.2875  1.1758
32 15.2500  0.5000 24.2000  2.7018 -0.3607 -2.6776
32 15.2500  1.0000 24.2000  2.1067 -0.2107 -2.0962
32 15.2500  1.5000 24.2000  1.6149 -0.1107 -1.6111
32 15.2500  2.0000 24.2000  1.2065 -0.0374 -1.2059
32 15.2500  2.5000 24.2000  0.8679  0.0147 -0.8678
32 15.2500  3.0000 24.2000  0.5819  0.0563 -0.5792
32 15.2500  3.5000 24.2000  0.3438  0.0921 -0.3312
32 15.2500  4.0000 24.2000  0.1665  0.1211 -0.1143
32 15.2500  4.5000 24.2000  0.1640  0.1460  0.0749
32 15.2500  5.0000 24.2000  0.2912  0.1659  0.2394
32 15.2500  5.5000 24.2000  0.4267  0.1823  0.3858
32 15.2500  6.0000 24.2000  0.5559  0.1979  0.5195
32 15.2500  6.5000 24.2000  0.6760  0.2142  0.6412
32 15.2500  7.0000 24.2000  0.7844  0.2271  0.7508
32 15.2500  7.5000 24.2000  0.8833  0.2396  0.8502
32 15.2500  8.0000 24.2000  0.9748  0.2508  0.9420
32 15.2500  8.5000 24.2000  1.0602  0.2598  1.0278
32 15.2500  9.0000 24.2000  1.1394  0.2683  1.1074
32 15.2500  9.5000 24.2000  1.2129  0.2764  1.1810
32 15.2500 10.0000 24.2000  1.2834  0.2807  1.2523
32 15.5000  0.5000 24.2000  2.4861 -0.6373 -2.4030
32 15.5000  1.0000 24.2000  1.8752 -0.3142 -1.8486
32 15.5000  1.5000 24.2000  1.4003 -0.1660 -1.3904
32 15.5000  2.0000 24.2000  1.0117 -0.0746 -1.0089
32 15.5000  2.5000 24.2000  0.6901 -0.0109 -0.6900
32 15.5000  3.0000 24.2000  0.4195  0.0371 -0.4179
32 15.5000  3.5000 24.2000  0.1977  0.0767 -0.1822
32 15.5000  4.0000 24.2000  0.1125  0.1104  0.0217
32 15.5000  4.5000 24.2000  0.2416  0.1356  0.2000
32 15.5000  5.0000 24.2000  0.3890  0.1555  0.3565
32 15.5000  5.5000 24.2000  0.5266  0.1744  0.4969
32 15.5000  6.0000 24.2000  0.6532  0.1925  0.6242
32 15.5000  6.5000 24.2000  0.7684  0.2086  0.7396
32 15.5000  7.0000 24.2000  0.8727  0.2229  0.8438
32 15.5000  7.5000 24.2000  0.9695  0.2351  0.9405
32 15.5000  8.0000 24.2000  1.0577  0.2460  1.0287
32 15.5000  8.5000 24.2000  1.1401  0.2546  1.1113
32 15.5000  9.0000 24.2000  1.2176  0.2620  1.1890
32 15.5000  9.5000 24.2000  1.2888  0.2704  1.2601
32 15.5000 10.0000 24.2000  1.3542  0.2790  1.3251
32 15.7500  0.5000 24.2000  2.3177 -0.8935 -2.1385
32 15.7500  1.0000 24.2000  1.6607 -0.4120 -1.6088
32 15.7500  1.5000 24.2000  1.1960 -0.2206 -1.1755
32 15.7500  2.0000 24.2000  0.8252 -0.1103 -0.8178
32 15.7500  2.5000 24.2000  0.5176 -0.0375 -0.5163
32 15.7500  3.0000 24.2000  0.2601  0.0178 -0.2595
32 15.7500  3.5000 24.2000  0.0724  0.0621 -0.0372
32 15.7500  4.0000 24.2000  0.1841  0.0972  0.1563
32 15.7500  4.5000 24.2000  0.3465  0.1243  0.3235
32 15.7500  5.0000 24.2000  0.4938  0.1456  0.4719
32 15.7500  5.5000 24.2000  0.6284  0.1680  0.6055
32 15.7500  6.0000 24.2000  0.7509  0.1873  0.7271
32 15.7500  6.5000 24.2000  0.8613  0.2024  0.8372
32 15.7500  7.0000 24.2000  0.9622  0.2160  0.9377
32 15.7500  7.5000 24.2000  1.0549  0.2290  1.0298
32 15.7500  8.0000 24.2000  1.1405  0.2392  1.1152
32 15.7500  8.5000 24.2000  1.2212  0.2486  1.1957
32 15.7500  9.0000 24.2000  1.2942  0.2581  1.2682
32 15.7500  9.5000 24.2000  1.3617  0.2664  1.3354
32 15.7500 10.0000 24.2000  1.4240  0.2748  1.3973
32 16.0000  0.5000 24.2000  2.1993 -1.1373 -1.8824
32 16.0000  1.0000 24.2000  1.4652 -0.5047 -1.3756
32 16.0000  1.5000 24.2000  1.0039 -0.2715 -0.9665
32 16.0000  2.0000 24.2000  0.6469 -0.1460 -0.6302
32 16.0000  2.5000 24.2000  0.3520 -0.0606 -0.3467
32 16.0000  3.0000 24.2000  0.1047 -0.0007 -0.1047
32 16.0000  3.5000 24.2000  0.1155  0.0473  0.1054
32 16.0000  4.0000 24.2000  0.2994  0.0841  0.2873
32 16.0000  4.5000 24.2000  0.4586  0.1128  0.4445
32 16.0000  5.0000 24.2000  0.6018  0.1383  0.5857
32 16.0000  5.5000 24.2000  0.7320  0.1605  0.7142
32 16.0000  6.0000 24.2000  0.8495  0.1783  0.8305
32 16.0000  6.5000 24.2000  0.9552  0.1958  0.9349
32 16.0000  7.0000 24.2000  1.0521  0.2100  1.0309
32 16.0000  7.5000 24.2000  1.1426  0.2207  1.1211
32 16.0000  8.0000 24.2000  1.2248  0.2324  1.2026
32 16.0000  8.5000 24.2000  1.3000  0.2427  1.2771
32 16.0000  9.0000 24.2000  1.3695  0.2535  1.3458
32 16.0000  9.5000 24.2000  1.4338  0.2628  1.4095
32 16.0000 10.0000 24.2000  1.4940  0.2705  1.4693
32 16.2500  0.5000 24.2000  2.1466 -1.3938 -1.6325
32 16.2500  1.0000 24.2000  1.2922 -0.5917 -1.1487
32 16.2500  1.5000 24.2000  0.8277 -0.3208 -0.7630
32 16.2500  2.0000 24.2000  0.4818 -0.1791 -0.4473
32 16.2500  2.5000 24.2000  0.2003 -0.0862 -0.1808
32 16.2500  3.0000 24.2000  0.0504 -0.0175  0.0473
32 16.2500  3.5000 24.2000  0.2472  0.0325  0.2451
32 16.2500  4.0000 24.2000  0.4211  0.0712  0.4150
32 16.2500  4.5000 24.2000  0.5731  0.1014  0.5640
32 16.2500  5.0000 24.2000  0.7114  0.1289  0.6996
32 16.2500  5.5000 24.2000  0.8369  0.1518  0.8230
32 16.2500  6.0000 24.2000  0.9480  0.1717  0.9323
32 16.2500  6.5000 24.2000  1.0504  0.1862  1.0338
32 16.2500  7.0000 24.2000  1.1439  0.2023  1.1259
32 16.2500  7.5000 24.2000  1.2288  0.2148  1.2099
32 16.2500  8.0000 24.2000  1.3063  0.2281  1.2863
32 16.2500  8.5000 24.2000  1.3781  0.2396  1.3571
32 16.2500  9.0000 24.2000  1.4447  0.2489  1.4231
32 16.2500  9.5000 24.2000  1.5062  0.2575  1.4841
32 16.2500 10.0000 24.2000  1.5641  0.2669  1.5411
32 16.5000  0.5000 24.2000  2.1486 -1.6377 -1.3909
32 16.5000  1.0000 24.2000  1.1494 -0.6792 -0.9273
32 16.5000  1.5000 24.2000  0.6748 -0.3695 -0.5647
32 16.5000  2.0000 24.2000  0.3418 -0.2115 -0.2685
32 16.5000  2.5000 24.2000  0.1107 -0.1092 -0.0184
32 16.5000  3.0000 24.2000  0.2000 -0.0371  0.1965
32 16.5000  3.5000 24.2000  0.3826  0.0181  0.3821
32 16.5000  4.0000 24.2000  0.5446  0.0573  0.5416
32 16.5000  4.5000 24.2000  0.6903  0.0902  0.6844
32 16.5000  5.0000 24.2000  0.8222  0.1178  0.8137
32 16.5000  5.5000 24.2000  0.9423  0.1409  0.9317
32 16.5000  6.0000 24.2000  1.0483  0.1602  1.0360
32 16.5000  6.5000 24.2000  1.1451  0.1780  1.1312
32 16.5000  7.0000 24.2000  1.2324  0.1948  1.2169
32 16.5000  7.5000 24.2000  1.3130  0.2096  1.2961
32 16.5000  8.0000 24.2000  1.3876  0.2230  1.3696
32 16.5000  8.5000 24.2000  1.4566  0.2343  1.4376
32 16.5000  9.0000 24.2000  1.5197  0.2451  1.4998
32 16.5000  9.5000 24.2000  1.5781  0.2544  1.5575
32 16.5000 10.0000 24.2000  1.6325  0.2622  1.6114
32 16.7500  0.5000 24.2000  2.2047 -1.8772 -1.1563
32 16.7500  1.0000 24.2000  1.0485 -0.7721 -0.7094
32 16.7500  1.5000 24.2000  0.5596 -0.4190 -0.3709
32 16.7500  2.0000 24.2000  0.2609 -0.2436 -0.0935
32 16.7500  2.5000 24.2000  0.1949 -0.1341  0.1414
32 16.7500  3.0000 24.2000  0.3480 -0.0561  0.3434
32 16.7500  3.5000 24.2000  0.5175  0.0007  0.5175
32 16.7500  4.0000 24.2000  0.6697  0.0414  0.6685
32 16.7500  4.5000 24.2000  0.8096  0.0757  0.8060
32 16.7500  5.0000 24.2000  0.9345  0.1068  0.9284
32 16.7500  5.5000 24.2000  1.0456  0.1303  1.0375
32 16.7500  6.0000 24.2000  1.1458  0.1528  1.1356
32 16.7500  6.5000 24.2000  1.2368  0.1724  1.2247
32 16.7500  7.0000 24.2000  1.3207  0.1887  1.3072
32 16.7500  7.5000 24.2000  1.3982  0.2036  1.3833
32 16.7500  8.0000 24.2000  1.4687  0.2165  1.4526
32 16.7500  8.5000 24.2000  1.5336  0.2282  1.5166
32 16.7500  9.0000 24.2000  1.5935  0.2402  1.5753
32 16.7500  9.5000 24.2000  1.6489  0.2494  1.6300
32 16.7500 10.0000 24.2000  1.7004  0.2593  1.6806
32 17.0000  0.5000 24.2000  2.3185 -2.1247 -0.9278
32 17.0000  1.0000 24.2000  0.9955 -0.8626 -0.4969
32 17.0000  1.5000 24.2000  0.5079 -0.4754 -0.1788
32 17.0000  2.0000 24.2000  0.2911 -0.2800  0.0797
32 17.0000  2.5000 24.2000  0.3403 -0.1604  0.3001
32 17.0000  3.0000 24.2000  0.4966 -0.0785  0.4903
32 17.0000  3.5000 24.2000  0.6533 -0.0213  0.6530
32 17.0000  4.0000 24.2000  0.7960  0.0249  0.7956
32 17.0000  4.5000 24.2000  0.9266  0.0632  0.9244
32 17.0000  5.0000 24.2000  1.0431  0.0952  1.0387
32 17.0000  5.5000 24.2000  1.1474  0.1219  1.1409
32 17.0000  6.0000 24.2000  1.2430  0.1450  1.2345
32 17.0000  6.5000 24.2000  1.3297  0.1643  1.3195
32 17.0000  7.0000 24.2000  1.4091  0.1818  1.3973
32 17.0000  7.5000 24.2000  1.4818  0.1978  1.4685
32 17.0000  8.0000 24.2000  1.5487  0.2122  1.5341
32 17.0000  8.5000 24.2000  1.6098  0.2245  1.5940
32 17.0000  9.0000 24.2000  1.6669  0.2361  1.6501
32 17.0000  9.5000 24.2000  1.7188  0.2455  1.7012
32 17.0000 10.0000 24.2000  1.7676  0.2568  1.7488
32 17.2500  0.5000 24.2000  2.4923 -2.3903 -0.7058
32 17.2500  1.0000 24.2000  0.9906 -0.9471 -0.2904
32 17.2500  1.5000 24.2000  0.5283 -0.5282  0.0084
32 17.2500  2.0000 24.2000  0.4049 -0.3178  0.2509
32 17.2500  2.5000 24.2000  0.4947 -0.1898  0.4569
32 17.2500  3.0000 24.2000  0.6416 -0.1007  0.6336
32 17.2500  3.5000 24.2000  0.7854 -0.0386  0.7844
32 17.2500  4.0000 24.2000  0.9194  0.0102  0.9193
32 17.2500  4.5000 24.2000  1.0417  0.0522  1.0404
32 17.2500  5.0000 24.2000  1.1511  0.0845  1.1480
32 17.2500  5.5000 24.2000  1.2500  0.1127  1.2449
32 17.2500  6.0000 24.2000  1.3394  0.1367  1.3325
32 17.2500  6.5000 24.2000  1.4213  0.1577  1.4125
32 17.2500  7.0000 24.2000  1.4963  0.1771  1.4858
32 17.2500  7.5000 24.2000  1.5646  0.1921  1.5528
32 17.2500  8.0000 24.2000  1.6274  0.2070  1.6142
32 17.2500  8.5000 24.2000  1.6849  0.2204  1.6704
32 17.2500  9.0000 24.2000  1.7381  0.2324  1.7225
32 17.2500  9.5000 24.2000  1.7878  0.2432  1.7712
32 17.2500 10.0000 24.2000  1.8343  0.2522  1.8169
32 17.5000  0.5000 24.2000  2.7326 -2.6883 -0.4901
32 17.5000  1.0000 24.2000  1.0317 -1.0278 -0.0887
32 17.5000  1.5000 24.2000  0.6098 -0.5792  0.1909
32 17.5000  2.0000 24.2000  0.5487 -0.3562  0.4174
32 17.5000  2.5000 24.2000  0.6472 -0.2161  0.6100
32 17.5000  3.0000 24.2000  0.7836 -0.1234  0.7738
32 17.5000  3.5000 24.2000  0.9166 -0.0575  0.9148
32 17.5000  4.0000 24.2000  1.0420 -0.0028  1.0420
32 17.5000  4.5000 24.2000  1.1556  0.0382  1.1550
32 17.5000  5.0000 24.2000  1.2577  0.0735  1.2556
32 17.5000  5.5000 24.2000  1.3500  0.1034  1.3460
32 17.5000  6.0000 24.2000  1.4344  0.1286  1.4287
32 17.5000  6.5000 24.2000  1.5115  0.1514  1.5039
32 17.5000  7.0000 24.2000  1.5818  0.1695  1.5727
32 17.5000  7.5000 24.2000  1.6458  0.1875  1.6350
32 17.5000  8.0000 24.2000  1.7049  0.2025  1.6928
32 17.5000  8.5000 24.2000  1.7592  0.2155  1.7459
32 17.5000  9.0000 24.2000  1.8098  0.2287  1.7953
32 17.5000  9.5000 24.2000  1.8572  0.2400  1.8417
32 17.5000 10.0000 24.2000  1.9009  0.2496  1.8844
32 17.7500  0.5000 24.2000  3.0755 -3.0625 -0.2824
32 17.7500  1.0000 24.2000  1.1136 -1.1084  0.1080
32 17.7500  1.5000 24.2000  0.7265 -0.6260  0.3686
32 17.7500  2.0000 24.2000  0.6980 -0.3887  0.5797
32 17.7500  2.5000 24.2000  0.7964 -0.2413  0.7589
32 17.7500  3.0000 24.2000  0.9223 -0.1458  0.9107
32 17.7500  3.5000 24.2000  1.0457 -0.0743  1.0430
32 17.7500  4.0000 24.2000  1.1623 -0.0176  1.1622
32 17.7500  4.5000 24.2000  1.2673  0.0273  1.2670
32 17.7500  5.0000 24.2000  1.3628  0.0639  1.3613
32 17.7500  5.5000 24.2000  1.4491  0.0943  1.4461
32 17.7500  6.0000 24.2000  1.5286  0.1220  1.5238
32 17.7500  6.5000 24.2000  1.6003  0.1450  1.5937
32 17.7500  7.0000 24.2000  1.6660  0.1657  1.6578
32 17.7500  7.5000 24.2000  1.7266  0.1819  1.7170
32 17.7500  8.0000 24.2000  1.7814  0.1986  1.7703
32 17.7500  8.5000 24.2000  1.8329  0.2126  1.8206
32 17.7500  9.0000 24.2000  1.8808  0.2247  1.8673
32 17.7500  9.5000 24.2000  1.9254  0.2374  1.9107
32 17.7500 10.0000 24.2000  1.9665  0.2477  1.9509
32 18.0000  0.5000 24.2000  3.8011 -3.7997 -0.1026
32 18.0000  1.0000 24.2000  1.2261 -1.1886  0.3007
32 18.0000  1.5000 24.2000  0.8652 -0.6737  0.5429
32 18.0000  2.0000 24.2000  0.8503 -0.4211  0.7387
32 18.0000  2.5000 24.2000  0.9434 -0.2660  0.9051
32 18.0000  3.0000 24.2000  1.0575 -0.1653  1.0445
32 18.0000  3.5000 24.2000  1.1723 -0.0892  1.1689
32 18.0000  4.0000 24.2000  1.2796 -0.0306  1.2792
32 18.0000  4.5000 24.2000  1.3771  0.0159  1.3770
32 18.0000  5.0000 24.2000  1.4657  0.0551  1.4647
32 18.0000  5.5000 24.2000  1.5469  0.0868  1.5445
32 18.0000  6.0000 24.2000  1.6209  0.1144  1.6168
32 18.0000  6.5000 24.2000  1.6881  0.1387  1.6824
32 18.0000  7.0000 24.2000  1.7495  0.1601  1.7421
32 18.0000  7.5000 24.2000  1.8057  0.1772  1.7970
32 18.0000  8.0000 24.2000  1.8578  0.1938  1.8477
32 18.0000  8.5000 24.2000  1.9060  0.2093  1.8945
32 18.0000  9.0000 24.2000  1.9510  0.2222  1.9383
32 18.0000  9.5000 24.2000  1.9929  0.2335  1.9792
32 18.0000 10.0000 24.2000  2.0320  0.2444  2.0173
32 18.2500  0.5000 24.2000  4.2130 -4.1167 -0.8953
32 18.2500  1.0000 24.2000  1.3589 -1.2677  0.4894
32 18.2500  1.5000 24.2000  1.0126 -0.7190  0.7131
32 18.2500  2.0000 24.2000  1.0028 -0.4536  0.8944
32 18.2500  2.5000 24.2000  1.0876 -0.2921  1.0477
32 18.2500  3.0000 24.2000  1.1912 -0.1858  1.1766
32 18.2500  3.5000 24.2000  1.2969 -0.1053  1.2926
32 18.2500  4.0000 24.2000  1.3951 -0.0435  1.3945
32 18.2500  4.5000 24.2000  1.4854  0.0068  1.4854
32 18.2500  5.0000 24.2000  1.5678  0.0462  1.5671
32 18.2500  5.5000 24.2000  1.6433  0.0798  1.6414
32 18.2500  6.0000 24.2000  1.7123  0.1090  1.7088
32 18.2500  6.5000 24.2000  1.7745  0.1327  1.7696
32 18.2500  7.0000 24.2000  1.8323  0.1538  1.8259
32 18.2500  7.5000 24.2000  1.8846  0.1730  1.8767
32 18.2500  8.0000 24.2000  1.9337  0.1894  1.9244
32 18.2500  8.5000 24.2000  1.9793  0.2037  1.9688
32 18.2500  9.0000 24.2000  2.0214  0.2191  2.0095
32 18.2500  9.5000 24.2000  2.0604  0.2309  2.0474
32 18.2500 10.0000 24.2000  2.0962  0.2414  2.0823
32 18.5000  0.5000 24.2000  4.5754 -4.3562 -1.3991
32 18.5000  1.0000 24.2000  1.5084 -1.3489  0.6750
32 18.5000  1.5000 24.2000  1.1658 -0.7650  0.8797
32 18.5000  2.0000 24.2000  1.1535 -0.4838  1.0471
32 18.5000  2.5000 24.2000  1.2282 -0.3158  1.1869
32 18.5000  3.0000 24.2000  1.3223 -0.2043  1.3065
32 18.5000  3.5000 24.2000  1.4190 -0.1200  1.4139
32 18.5000  4.0000 24.2000  1.5090 -0.0551  1.5080
32 18.5000  4.5000 24.2000  1.5926 -0.0041  1.5926
32 18.5000  5.0000 24.2000  1.6689  0.0371  1.6685
32 18.5000  5.5000 24.2000  1.7389  0.0716  1.7374
32 18.5000  6.0000 24.2000  1.8024  0.1013  1.7995
32 18.5000  6.5000 24.2000  1.8608  0.1265  1.8565
32 18.5000  7.0000 24.2000  1.9139  0.1490  1.9081
32 18.5000  7.5000 24.2000  1.9630  0.1685  1.9557
32 18.5000  8.0000 24.2000  2.0088  0.1865  2.0001
32 18.5000  8.5000 24.2000  2.0515  0.2014  2.0416
32 18.5000  9.0000 24.2000  2.0901  0.2152  2.0790
32 18.5000  9.5000 24.2000  2.1266  0.2278  2.1144
32 18.5000 10.0000 24.2000  2.1607  0.2392  2.1475
32 18.7500  0.5000 24.2000  4.6007 -4.2407 -1.7841
32 18.7500  1.0000 24.2000  1.6691 -1.4323  0.8569
32 18.7500  1.5000 24.2000  1.3217 -0.8108  1.0438
32 18.7500  2.0000 24.2000  1.3031 -0.5160  1.1966
32 18.7500  2.5000 24.2000  1.3671 -0.3405  1.3241
32 18.7500  3.0000 24.2000  1.4519 -0.2224  1.4347
32 18.7500  3.5000 24.2000  1.5393 -0.1347  1.5334
32 18.7500  4.0000 24.2000  1.6216 -0.0674  1.6202
32 18.7500  4.5000 24.2000  1.6982 -0.0149  1.6981
32 18.7500  5.0000 24.2000  1.7685  0.0280  1.7683
32 18.7500  5.5000 24.2000  1.8328  0.0650  1.8317
32 18.7500  6.0000 24.2000  1.8917  0.0948  1.8894
32 18.7500  6.5000 24.2000  1.9451  0.1220  1.9413
32 18.7500  7.0000 24.2000  1.9949  0.1440  1.9897
32 18.7500  7.5000 24.2000  2.0404  0.1640  2.0338
32 18.7500  8.0000 24.2000  2.0831  0.1813  2.0752
32 18.7500  8.5000 24.2000  2.1221  0.1984  2.1128
32 18.7500  9.0000 24.2000  2.1585  0.2128  2.1480
32 18.7500  9.5000 24.2000  2.1926  0.2249  2.1810
32 18.7500 10.0000 24.2000  2.2245  0.2369  2.2119
32 19.0000  0.5000 24.2000  5.6597 -5.3850 -1.7418
32 19.0000  1.0000 24.2000  1.8368 -1.5169  1.0358
32 19.0000  1.5000 24.2000  1.4783 -0.8571  1.2045
32 19.0000  2.0000 24.2000  1.4502 -0.5466  1.3433
32 19.0000  2.5000 24.2000  1.5035 -0.3647  1.4586
32 19.0000  3.0000 24.2000  1.5795 -0.2408  1.5610
32 19.0000  3.5000 24.2000  1.6574 -0.1500  1.6506
32 19.0000  4.0000 24.2000  1.7325 -0.0809  1.7306
32 19.0000  4.5000 24.2000  1.8026 -0.0249  1.8024
32 19.0000  5.0000 24.2000  1.8670  0.0204  1.8669
32 19.0000  5.5000 24.2000  1.9259  0.0577  1.9250
32 19.0000  6.0000 24.2000  1.9799  0.0891  1.9779
32 19.0000  6.5000 24.2000  2.0293  0.1162  2.0260
32 19.0000  7.0000 24.2000  2.0753  0.1389  2.0706
32 19.0000  7.5000 24.2000  2.1176  0.1594  2.1116
32 19.0000  8.0000 24.2000  2.1566  0.1781  2.1493
32 19.0000  8.5000 24.2000  2.1927  0.1939  2.1841
32 19.0000  9.0000 24.2000  2.2267  0.2084  2.2170
32 19.0000  9.5000 24.2000  2.2588  0.2224  2.2478
32 19.0000 10.0000 24.2000  2.2883  0.2355  2.2761
32 19.2500  0.5000 24.2000  5.2515 -4.8495 -2.0152
32 19.2500  1.0000 24.2000  2.0104 -1.6042  1.2117
32 19.2500  1.5000 24.2000  1.6360 -0.9045  1.3632
32 19.2500  2.0000 24.2000  1.5959 -0.5773  1.4879
32 19.2500  2.5000 24.2000  1.6379 -0.3882  1.5913
32 19.2500  3.0000 24.2000  1.7046 -0.2581  1.6850
32 19.2500  3.5000 24.2000  1.7739 -0.1638  1.7663
32 19.2500  4.0000 24.2000  1.8418 -0.0921  1.8395
32 19.2500  4.5000 24.2000  1.9056 -0.0346  1.9052
32 19.2500  5.0000 24.2000  1.9641  0.0110  1.9640
32 19.2500  5.5000 24.2000  2.0180  0.0498  2.0173
32 19.2500  6.0000 24.2000  2.0672  0.0822  2.0655
32 19.2500  6.5000 24.2000  2.1127  0.1101  2.1099
32 19.2500  7.0000 24.2000  2.1550  0.1337  2.1509
32 19.2500  7.5000 24.2000  2.1940  0.1545  2.1885
32 19.2500  8.0000 24.2000  2.2295  0.1744  2.2227
32 19.2500  8.5000 24.2000  2.2634  0.1901  2.2554
32 19.2500  9.0000 24.2000  2.2951  0.2063  2.2858
32 19.2500  9.5000 24.2000  2.3245  0.2192  2.3141
32 19.2500 10.0000 24.2000  2.3522  0.2330  2.3406
32 19.5000  0.5000 24.2000  4.7335 -4.1289 -2.3147
32 19.5000  1.0000 24.2000  2.1869 -1.6925  1.3849
32 19.5000  1.5000 24.2000  1.7920 -0.9517  1.5184
32 19.5000  2.0000 24.2000  1.7397 -0.6087  1.6297
32 19.5000  2.5000 24.2000  1.7703 -0.4117  1.7218
32 19.5000  3.0000 24.2000  1.8272 -0.2752  1.8064
32 19.5000  3.5000 24.2000  1.8889 -0.1785  1.8804
32 19.5000  4.0000 24.2000  1.9497 -0.1028  1.9470
32 19.5000  4.5000 24.2000  2.0069 -0.0443  2.0064
32 19.5000  5.0000 24.2000  2.0597  0.0022  2.0597
32 19.5000  5.5000 24.2000  2.1083  0.0418  2.1079
32 19.5000  6.0000 24.2000  2.1535  0.0754  2.1522
32 19.5000  6.5000 24.2000  2.1955  0.1043  2.1930
32 19.5000  7.0000 24.2000  2.2340  0.1281  2.2304
32 19.5000  7.5000 24.2000  2.2691  0.1502  2.2642
32 19.5000  8.0000 24.2000  2.3023  0.1696  2.2960
32 19.5000  8.5000 24.2000  2.3336  0.1873  2.3261
32 19.5000  9.0000 24.2000  2.3629  0.2037  2.3541
32 19.5000  9.5000 24.2000  2.3897  0.2168  2.3799
32 19.5000 10.0000 24.2000  2.4154  0.2308  2.4043
32 19.7500  0.5000 24.2000  4.2737 -3.4219 -2.5603
32 19.7500  1.0000 24.2000  2.3691 -1.7867  1.5558
32 19.7500  1.5000 24.2000  1.9480 -1.0007  1.6714
32 19.7500  2.0000 24.2000  1.8826 -0.6428  1.7694
32 19.7500  2.5000 24.2000  1.9020 -0.4338  1.8519
32 19.7500  3.0000 24.2000  1.9486 -0.2939  1.9263
32 19.7500  3.5000 24.2000  2.0023 -0.1921  1.9930
32 19.7500  4.0000 24.2000  2.0560 -0.1147  2.0528
32 19.7500  4.5000 24.2000  2.1071 -0.0547  2.1064
32 19.7500  5.0000 24.2000  2.1544 -0.0053  2.1544
32 19.7500  5.5000 24.2000  2.1980  0.0352  2.1977
32 19.7500  6.0000 24.2000  2.2391  0.0689  2.2381
32 19.7500  6.5000 24.2000  2.2770  0.0997  2.2748
32 19.7500  7.0000 24.2000  2.3114  0.1244  2.3080
32 19.7500  7.5000 24.2000  2.3441  0.1464  2.3396
32 19.7500  8.0000 24.2000  2.3744  0.1669  2.3685
32 19.7500  8.5000 24.2000  2.4030  0.1851  2.3959
32 19.7500  9.0000 24.2000  2.4294  0.2003  2.4212
32 19.7500  9.5000 24.2000  2.4546  0.2154  2.4451
32 19.7500 10.0000 24.2000  2.4783  0.2293  2.4676
32 20.0000  0.5000 24.2000  5.5655 -4.9038 -2.6320
32 20.0000  1.0000 24.2000  2.5559 -1.8861  1.7249
32 20.0000  1.5000 24.2000  2.1029 -1.0494  1.8223
32 20.0000  2.0000 24.2000  2.0233 -0.6762  1.9069
32 20.0000  2.5000 24.2000  2.0314 -0.4572  1.9793
32 20.0000  3.0000 24.2000  2.0685 -0.3113  2.0449
32 20.0000  3.5000 24.2000  2.1137 -0.2064  2.1036
32 20.0000  4.0000 24.2000  2.1607 -0.1258  2.1570
32 20.0000  4.5000 24.2000  2.2055 -0.0643  2.2046
32 20.0000  5.0000 24.2000  2.2475 -0.0133  2.2475
32 20.0000  5.5000 24.2000  2.2872  0.0277  2.2870
32 20.0000  6.0000 24.2000  2.3238  0.0640  2.3229
32 20.0000  6.5000 24.2000  2.3572  0.0934  2.3554
32 20.0000  7.0000 24.2000  2.3888  0.1196  2.3858
32 20.0000  7.5000 24.2000  2.4182  0.1431  2.4140
32 20.0000  8.0000 24.2000  2.4460  0.1634  2.4405
32 20.0000  8.5000 24.2000  2.4716  0.1819  2.4649
32 20.0000  9.0000 24.2000  2.4960  0.1992  2.4880
32 20.0000  9.5000 24.2000  2.5186  0.2137  2.5095
32 20.0000 10.0000 24.2000  2.5400  0.2273  2.5298
32 20.2500  0.5000 24.2000  6.0531 -5.5146 -2.4959
32 20.2500  1.0000 24.2000  2.7479 -1.9926  1.8923
32 20.2500  1.5000 24.2000  2.2565 -1.0991  1.9708
32 20.2500  2.0000 24.2000  2.1617 -0.7099  2.0419
32 20.2500  2.5000 24.2000  2.1602 -0.4822  2.1057
32 20.2500  3.0000 24.2000  2.1872 -0.3296  2.1622
32 20.2500  3.5000 24.2000  2.2243 -0.2205  2.2134
32 20.2500  4.0000 24.2000  2.2641 -0.1386  2.2599
32 20.2500  4.5000 24.2000  2.3031 -0.0740  2.3019
32 20.2500  5.0000 24.2000  2.3399 -0.0214  2.3398
32 20.2500  5.5000 24.2000  2.3749  0.0216  2.3748
32 20.2500  6.0000 24.2000  2.4072  0.0578  2.4065
32 20.2500  6.5000 24.2000  2.4374  0.0889  2.4358
32 20.2500  7.0000 24.2000  2.4657  0.1150  2.4630
32 20.2500  7.5000 24.2000  2.4924  0.1387  2.4885
32 20.2500  8.0000 24.2000  2.5172  0.1599  2.5121
32 20.2500  8.5000 24.2000  2.5407  0.1798  2.5344
32 20.2500  9.0000 24.2000  2.5625  0.1952  2.5550
32 20.2500  9.5000 24.2000  2.5829  0.2109  2.5743
32 20.2500 10.0000 24.2000  2.6024  0.2248  2.5927
32 20.5000  0.5000 24.2000  6.5203 -6.0662 -2.3907
32 20.5000  1.0000 24.2000  2.9452 -2.1068  2.0580
32 20.5000  1.5000 24.2000  2.4096 -1.1505  2.1172
32 20.5000  2.0000 24.2000  2.2991 -0.7440  2.1754
32 20.5000  2.5000 24.2000  2.2865 -0.5070  2.2295
32 20.5000  3.0000 24.2000  2.3038 -0.3482  2.2774
32 20.5000  3.5000 24.2000  2.3341 -0.2350  2.3223
32 20.5000  4.0000 24.2000  2.3669 -0.1499  2.3621
32 20.5000  4.5000 24.2000  2.3993 -0.0836  2.3978
32 20.5000  5.0000 24.2000  2.4313 -0.0297  2.4311
32 20.5000  5.5000 24.2000  2.4620  0.0140  2.4619
32 20.5000  6.0000 24.2000  2.4898  0.0518  2.4893
32 20.5000  6.5000 24.2000  2.5168  0.0833  2.5154
32 20.5000  7.0000 24.2000  2.5418  0.1117  2.5394
32 20.5000  7.5000 24.2000  2.5653  0.1359  2.5617
32 20.5000  8.0000 24.2000  2.5876  0.1570  2.5828
32 20.5000  8.5000 24.2000  2.6083  0.1769  2.6023
32 20.5000  9.0000 24.2000  2.6282  0.1927  2.6211
32 20.5000  9.5000 24.2000  2.6466  0.2088  2.6384
32 20.5000 10.0000 24.2000  2.6644  0.2238  2.6549
32 20.7500  0.5000 24.2000  6.8734 -6.4798 -2.2924
32 20.7500  1.0000 24.2000  3.1477 -2.2286  2.2229
32 20.7500  1.5000 24.2000  2.5613 -1.2021  2.2617
32 20.7500  2.0000 24.2000  2.4350 -0.7789  2.3071
32 20.7500  2.5000 24.2000  2.4108 -0.5319  2.3514
32 20.7500  3.0000 24.2000  2.4204 -0.3682  2.3922
32 20.7500  3.5000 24.2000  2.4419 -0.2498  2.4291
32 20.7500  4.0000 24.2000  2.4684 -0.1623  2.4631
32 20.7500  4.5000 24.2000  2.4954 -0.0929  2.4936
32 20.7500  5.0000 24.2000  2.5220 -0.0368  2.5217
32 20.7500  5.5000 24.2000  2.5475  0.0075  2.5475
32 20.7500  6.0000 24.2000  2.5722  0.0457  2.5718
32 20.7500  6.5000 24.2000  2.5955  0.0791  2.5943
32 20.7500  7.0000 24.2000  2.6172  0.1082  2.6150
32 20.7500  7.5000 24.2000  2.6381  0.1323  2.6348
32 20.7500  8.0000 24.2000  2.6578  0.1544  2.6533
32 20.7500  8.5000 24.2000  2.6760  0.1741  2.6704
32 20.7500  9.0000 24.2000  2.6936  0.1916  2.6868
32 20.7500  9.5000 24.2000  2.7100  0.2078  2.7021
32 20.7500 10.0000 24.2000  2.7254  0.2227  2.7163
32 21.0000  0.5000 24.2000  7.1550 -6.8084 -2.1999
32 21.0000  1.0000 24.2000  3.3565 -2.3600  2.3868
32 21.0000  1.5000 24.2000  2.7125 -1.2560  2.4042
32 21.0000  2.0000 24.2000  2.5691 -0.8134  2.4369
32 21.0000  2.5000 24.2000  2.5337 -0.5564  2.4719
32 21.0000  3.0000 24.2000  2.5350 -0.3878  2.5052
32 21.0000  3.5000 24.2000  2.5497 -0.2657  2.5358
32 21.0000  4.0000 24.2000  2.5684 -0.1739  2.5625
32 21.0000  4.5000 24.2000  2.5904 -0.1042  2.5883
32 21.0000  5.0000 24.2000  2.6121 -0.0461  2.6116
32 21.0000  5.5000 24.2000  2.6329  0.0002  2.6329
32 21.0000  6.0000 24.2000  2.6538  0.0405  2.6535
32 21.0000  6.5000 24.2000  2.6737  0.0735  2.6727
32 21.0000  7.0000 24.2000  2.6926  0.1034  2.6906
32 21.0000  7.5000 24.2000  2.7106  0.1300  2.7075
32 21.0000  8.0000 24.2000  2.7274  0.1516  2.7232
32 21.0000  8.5000 24.2000  2.7434  0.1715  2.7381
32 21.0000  9.0000 24.2000  2.7587  0.1903  2.7521
32 21.0000  9.5000 24.2000  2.7727  0.2062  2.7650
32 21.0000 10.0000 24.2000  2.7860  0.2207  2.7773
32 21.2500  0.5000 24.2000  7.8979 -7.5901 -2.1832
32 21.2500  1.0000 24.2000  3.5766 -2.5073  2.5506
32 21.2500  1.5000 24.2000  2.8635 -1.3116  2.5454
32 21.2500  2.0000 24.2000  2.7022 -0.8491  2.5653
32 21.2500  2.5000 24.2000  2.6554 -0.5816  2.5909
32 21.2500  3.0000 24.2000  2.6475 -0.4059  2.6162
32 21.2500  3.5000 24.2000  2.6554 -0.2815  2.6404
32 21.2500  4.0000 24.2000  2.6688 -0.1883  2.6621
32 21.2500  4.5000 24.2000  2.6841 -0.1133  2.6818
32 21.2500  5.0000 24.2000  2.7012 -0.0556  2.7007
32 21.2500  5.5000 24.2000  2.7188 -0.0065  2.7187
32 21.2500  6.0000 24.2000  2.7351  0.0347  2.7349
32 21.2500  6.5000 24.2000  2.7513  0.0691  2.7504
32 21.2500  7.0000 24.2000  2.7675  0.1006  2.7656
32 21.2500  7.5000 24.2000  2.7823  0.1259  2.7795
32 21.2500  8.0000 24.2000  2.7967  0.1496  2.7927
32 21.2500  8.5000 24.2000  2.8103  0.1703  2.8051
32 21.2500  9.0000 24.2000  2.8229  0.1878  2.8166
32 21.2500  9.5000 24.2000  2.8353  0.2045  2.8279
32 21.2500 10.0000 24.2000  2.8463  0.2192  2.8378
32 21.5000  0.5000 24.2000  8.2077 -7.9344 -2.1006
32 21.5000  1.0000 24.2000  3.8090 -2.6719  2.7146
32 21.5000  1.5000 24.2000  3.0142 -1.3699  2.6849
32 21.5000  2.0000 24.2000  2.8339 -0.8848  2.6922
32 21.5000  2.5000 24.2000  2.7760 -0.6077  2.7087
32 21.5000  3.0000 24.2000  2.7590 -0.4242  2.7262
32 21.5000  3.5000 24.2000  2.7593 -0.2959  2.7434
32 21.5000  4.0000 24.2000  2.7671 -0.2002  2.7598
32 21.5000  4.5000 24.2000  2.7775 -0.1255  2.7747
32 21.5000  5.0000 24.2000  2.7898 -0.0637  2.7891
32 21.5000  5.5000 24.2000  2.8031 -0.0136  2.8031
32 21.5000  6.0000 24.2000  2.8162  0.0285  2.8160
32 21.5000  6.5000 24.2000  2.8293  0.0638  2.8286
32 21.5000  7.0000 24.2000  2.8416  0.0956  2.8400
32 21.5000  7.5000 24.2000  2.8538  0.1223  2.8512
32 21.5000  8.0000 24.2000  2.8655  0.1474  2.8617
32 21.5000  8.5000 24.2000  2.8767  0.1671  2.8719
32 21.5000  9.0000 24.2000  2.8870  0.1859  2.8810
32 21.5000  9.5000 24.2000  2.8970  0.2029  2.8899
32 21.5000 10.0000 24.2000  2.9067  0.2192  2.8984
32 21.7500  0.5000 24.2000  8.5379 -8.2954 -2.0203
32 21.7500  1.0000 24.2000  4.0594 -2.8607  2.8802
32 21.7500  1.5000 24.2000  3.1657 -1.4313  2.8236
32 21.7500  2.0000 24.2000  2.9644 -0.9209  2.8178
32 21.7500  2.5000 24.2000  2.8949 -0.6341  2.8246
32 21.7500  3.0000 24.2000  2.8697 -0.4458  2.8348
32 21.7500  3.5000 24.2000  2.8625 -0.3122  2.8454
32 21.7500  4.0000 24.2000  2.8645 -0.2132  2.8566
32 21.7500  4.5000 24.2000  2.8699 -0.1361  2.8667
32 21.7500  5.0000 24.2000  2.8780 -0.0720  2.8771
32 21.7500  5.5000 24.2000  2.8863 -0.0207  2.8862
32 21.7500  6.0000 24.2000  2.8965  0.0222  2.8964
32 21.7500  6.5000 24.2000  2.9067  0.0588  2.9061
32 21.7500  7.0000 24.2000  2.9162  0.0912  2.9148
32 21.7500  7.5000 24.2000  2.9256  0.1191  2.9231
32 21.7500  8.0000 24.2000  2.9339  0.1438  2.9304
32 21.7500  8.5000 24.2000  2.9424  0.1653  2.9378
32 21.7500  9.0000 24.2000  2.9510  0.1844  2.9452
32 21.7500  9.5000 24.2000  2.9592  0.2015  2.9523
32 21.7500 10.0000 24.2000  2.9667  0.2176  2.9587
32 22.0000  0.5000 24.2000  8.9683 -8.7554 -1.9428
32 22.0000  1.0000 24.2000  4.3364 -3.0850  3.0476
32 22.0000  1.5000 24.2000  3.3166 -1.4945  2.9608
32 22.0000  2.0000 24.2000  3.0943 -0.9595  2.9417
32 22.0000  2.5000 24.2000  3.0126 -0.6600  2.9394
32 22.0000  3.0000 24.2000  2.9786 -0.4644  2.9422
32 22.0000  3.5000 24.2000  2.9646 -0.3272  2.9465
32 22.0000  4.0000 24.2000  2.9602 -0.2258  2.9515
32 22.0000  4.5000 24.2000  2.9615 -0.1464  2.9578
32 22.0000  5.0000 24.2000  2.9653 -0.0820  2.9642
32 22.0000  5.5000 24.2000  2.9703 -0.0285  2.9702
32 22.0000  6.0000 24.2000  2.9762  0.0173  2.9761
32 22.0000  6.5000 24.2000  2.9828  0.0541  2.9823
32 22.0000  7.0000 24.2000  2.9897  0.0871  2.9884
32 22.0000  7.5000 24.2000  2.9963  0.1151  2.9941
32 22.0000  8.0000 24.2000  3.0028  0.1403  2.9995
32 22.0000  8.5000 24.2000  3.0091  0.1623  3.0047
32 22.0000  9.0000 24.2000  3.0146  0.1821  3.0091
32 22.0000  9.5000 24.2000  3.0208  0.2000  3.0142
32 22.0000 10.0000 24.2000  3.0266  0.2171  3.0188
32 22.2500  0.5000 24.2000  8.9842 -8.7470 -2.0507
32 22.2500  1.0000 24.2000  4.6579 -3.3659  3.2197
32 22.2500  1.5000 24.2000  3.4685 -1.5615  3.0971
32 22.2500  2.0000 24.2000  3.2231 -0.9982  3.0646
32 22.2500  2.5000 24.2000  3.1292 -0.6868  3.0529
32 22.2500  3.0000 24.2000  3.0869 -0.4854  3.0485
32 22.2500  3.5000 24.2000  3.0659 -0.3442  3.0465
32 22.2500  4.0000 24.2000  3.0556 -0.2390  3.0463
32 22.2500  4.5000 24.2000  3.0519 -0.1563  3.0479
32 22.2500  5.0000 24.2000  3.0515 -0.0901  3.0502
32 22.2500  5.5000 24.2000  3.0531 -0.0356  3.0529
32 22.2500  6.0000 24.2000  3.0560  0.0101  3.0560
32 22.2500  6.5000 24.2000  3.0586  0.0495  3.0582
32 22.2500  7.0000 24.2000  3.0625  0.0833  3.0614
32 22.2500  7.5000 24.2000  3.0665  0.1123  3.0645
32 22.2500  8.0000 24.2000  3.0705  0.1375  3.0675
32 22.2500  8.5000 24.2000  3.0748  0.1594  3.0707
32 22.2500  9.0000 24.2000  3.0789  0.1807  3.0736
32 22.2500  9.5000 24.2000  3.0828  0.1987  3.0764
32 22.2500 10.0000 24.2000  3.0856  0.2157  3.0781
32 22.5000  0.5000 24.2000  8.4072 -8.0914 -2.2825
32 22.5000  1.0000 24.2000  5.0908 -3.7869  3.4024
32 22.5000  1.5000 24.2000  3.6205 -1.6311  3.2322
32 22.5000  2.0000 24.2000  3.3510 -1.0382  3.1862
32 22.5000  2.5000 24.2000  3.2448 -0.7143  3.1653
32 22.5000  3.0000 24.2000  3.1936 -0.5059  3.1533
32 22.5000  3.5000 24.2000  3.1660 -0.3598  3.1455
32 22.5000  4.0000 24.2000  3.1503 -0.2513  3.1403
32 22.5000  4.5000 24.2000  3.1414 -0.1659  3.1370
32 22.5000  5.0000 24.2000  3.1370 -0.0978  3.1354
32 22.5000  5.5000 24.2000  3.1351 -0.0424  3.1349
32 22.5000  6.0000 24.2000  3.1345  0.0041  3.1345
32 22.5000  6.5000 24.2000  3.1347  0.0442  3.1344
32 22.5000  7.0000 24.2000  3.1350  0.0785  3.1340
32 22.5000  7.5000 24.2000  3.1363  0.1098  3.1344
32 22.5000  8.0000 24.2000  3.1382  0.1354  3.1353
32 22.5000  8.5000 24.2000  3.1402  0.1584  3.1362
32 22.5000  9.0000 24.2000  3.1420  0.1780  3.1370
32 22.5000  9.5000 24.2000  3.1439  0.1960  3.1378
32 22.5000 10.0000 24.2000  3.1458  0.2132  3.1386
